Prueba 1
T1 T2 %Carga
0.0 0.0 0.0
0.0 0.0 0.0
16.0 0.0 0.0
0.0 0.0 0.0
0.0 0.0 0.0
580.0 31.0 0.0
0.0 0.0 0.0
16.0 0.0 0.0
0.0 0.0 0.0
0.0 0.0 0.0
0.0 0.0 0.0
0.0 0.0 0.0
0.0 0.0 0.0
0.0 0.0 0.0
0.0 0.0 0.0
0.0 0.0 0.0
0.0 0.0 0.0
0.0 0.0 0.0
0.0 0.0 37.4
0.0 0.0 37.4
0.0 0.0 37.4
0.0 0.0 37.4
16.0 0.0 37.4
0.0 0.0 37.4
0.0 0.0 37.4
0.0 0.0 37.4
0.0 0.0 37.4
0.0 0.0 37.4
0.0 0.0 37.4
0.0 0.0 29.6
0.0 0.0 29.6
0.0 0.0 29.6
0.0 0.0 29.6
0.0 0.0 29.6
16.0 0.0 29.6
16.0 0.0 29.6
1.0 0.0 29.6
0.0 0.0 29.6
0.0 0.0 29.6
0.0 0.0 29.6
0.0 0.0 35.4
0.0 0.0 35.4
0.0 0.0 35.4
0.0 0.0 35.4
0.0 0.0 35.4
0.0 0.0 35.4
0.0 0.0 35.4
0.0 0.0 35.4
0.0 0.0 35.4
0.0 0.0 35.4
0.0 0.0 35.4
0.0 0.0 35.4
0.0 0.0 35.4
0.0 0.0 35.4
0.0 0.0 35.4
16.0 0.0 35.2
0.0 0.0 35.2
15.0 0.0 35.2
0.0 0.0 35.2
0.0 0.0 35.2
31.0 0.0 35.2
15.0 0.0 35.2
0.0 0.0 35.2
0.0 1.0 35.2
0.0 0.0 35.2
16.0 0.0 35.2
0.0 0.0 35.2
0.0 0.0 32.4
0.0 0.0 32.4
0.0 0.0 32.4
0.0 0.0 32.4
0.0 0.0 32.4
0.0 0.0 32.4
0.0 0.0 32.4
0.0 0.0 32.4
0.0 0.0 28.0
0.0 0.0 28.0
0.0 0.0 28.0
0.0 0.0 28.0
0.0 0.0 28.0
0.0 0.0 28.0
0.0 0.0 28.0
0.0 0.0 28.0
1.0 0.0 28.0
0.0 0.0 28.0
0.0 0.0 28.0
0.0 16.0 28.0
0.0 0.0 35.8
0.0 0.0 35.8
0.0 0.0 35.8
16.0 0.0 35.8
0.0 0.0 35.8
0.0 0.0 35.8
0.0 0.0 35.8
0.0 0.0 35.8
0.0 0.0 35.8
0.0 0.0 35.8
0.0 0.0 30.5
0.0 0.0 30.5
0.0 0.0 30.5
15.0 0.0 30.5
0.0 0.0 30.5
16.0 0.0 30.5
15.0 0.0 30.5
0.0 0.0 30.5
16.0 0.0 28.4
0.0 0.0 28.4
0.0 0.0 28.4
0.0 0.0 28.4
2.0 0.0 28.4
0.0 0.0 28.4
0.0 0.0 28.2
0.0 0.0 28.2
0.0 0.0 28.2
0.0 0.0 28.2
0.0 0.0 28.2
0.0 0.0 28.2
0.0 0.0 28.2
0.0 0.0 28.2
31.0 0.0 28.2
0.0 0.0 28.2
0.0 0.0 25.0
0.0 0.0 25.0
15.0 0.0 25.0
0.0 0.0 25.0
0.0 0.0 25.0
0.0 0.0 25.0
0.0 0.0 25.0
0.0 0.0 25.0
0.0 0.0 25.0
0.0 0.0 25.0
0.0 0.0 25.0
0.0 0.0 27.7
0.0 0.0 27.7
0.0 0.0 27.7
16.0 0.0 27.7
0.0 0.0 27.7
0.0 0.0 27.7
16.0 0.0 27.7
0.0 0.0 27.7
0.0 0.0 27.7
0.0 0.0 27.7
15.0 0.0 27.7
0.0 0.0 26.8
0.0 0.0 26.8
0.0 0.0 26.8
16.0 0.0 26.8
0.0 0.0 26.8
0.0 0.0 26.8
0.0 0.0 26.8
0.0 0.0 26.8
0.0 0.0 26.8
16.0 0.0 26.8
0.0 0.0 26.8
0.0 0.0 26.8
15.0 0.0 26.8
0.0 0.0 26.8
0.0 0.0 27.6
0.0 0.0 27.6
1.0 0.0 27.6
0.0 0.0 27.6
0.0 0.0 27.6
0.0 0.0 27.6
0.0 0.0 27.6
15.0 0.0 27.6
0.0 0.0 27.6
0.0 0.0 27.6
0.0 0.0 27.6
0.0 0.0 27.6
0.0 0.0 27.6
0.0 0.0 24.9
0.0 0.0 24.9
0.0 0.0 24.9
15.0 0.0 24.9
0.0 0.0 24.9
0.0 0.0 24.9
0.0 0.0 24.9
0.0 0.0 24.9
0.0 0.0 24.9
0.0 0.0 24.9
16.0 0.0 24.9
0.0 0.0 24.9
0.0 0.0 34.0
0.0 0.0 34.0
0.0 0.0 34.0
0.0 0.0 34.0
0.0 0.0 34.0
0.0 0.0 34.0
0.0 0.0 34.0
0.0 0.0 34.0
0.0 0.0 34.0
16.0 0.0 34.0
0.0 16.0 34.0
0.0 0.0 34.0
0.0 0.0 34.0
0.0 0.0 31.2
0.0 0.0 31.2
0.0 15.0 31.2
16.0 0.0 31.2
0.0 0.0 31.2
0.0 0.0 31.2
0.0 0.0 31.2
0.0 0.0 31.2
16.0 0.0 31.2
0.0 0.0 31.2
0.0 0.0 31.2
0.0 0.0 31.2
0.0 0.0 25.9
0.0 0.0 25.9
0.0 0.0 25.9
0.0 0.0 25.9
0.0 0.0 25.9
0.0 0.0 25.9
0.0 0.0 25.9
0.0 0.0 25.9
0.0 0.0 25.9
0.0 0.0 25.9
0.0 0.0 25.9
0.0 0.0 25.9
0.0 0.0 30.2
0.0 0.0 30.2
0.0 0.0 30.2
0.0 0.0 30.2
0.0 0.0 30.2
15.0 0.0 30.2
0.0 0.0 30.2
0.0 0.0 30.2
15.0 0.0 30.2
0.0 0.0 30.2
0.0 0.0 30.2
0.0 0.0 30.2
0.0 0.0 25.1
0.0 0.0 25.1
0.0 0.0 25.1
0.0 0.0 25.1
0.0 0.0 25.1
0.0 0.0 25.1
0.0 0.0 25.1
0.0 0.0 25.1
0.0 0.0 25.1
0.0 0.0 25.1
0.0 0.0 31.1
0.0 0.0 31.1
0.0 0.0 31.1
16.0 0.0 31.1
0.0 0.0 31.1
0.0 0.0 31.1
0.0 0.0 31.1
0.0 0.0 31.1
0.0 0.0 31.1
0.0 0.0 31.1
15.0 0.0 31.1
0.0 15.0 31.1
0.0 0.0 31.1
0.0 0.0 31.1
0.0 0.0 15.4
0.0 0.0 15.4
0.0 0.0 15.4
0.0 0.0 15.4
0.0 0.0 15.4
16.0 0.0 15.4
0.0 0.0 15.4
0.0 0.0 15.4
0.0 0.0 13.0
16.0 0.0 13.0
0.0 0.0 13.0
0.0 0.0 13.0
0.0 0.0 13.0
0.0 0.0 13.0
0.0 0.0 13.0
0.0 0.0 13.0
0.0 0.0 13.0
15.0 0.0 13.0
0.0 0.0 13.0
0.0 0.0 23.6
0.0 0.0 23.6
0.0 0.0 23.6
0.0 0.0 23.6
0.0 0.0 23.6
0.0 0.0 23.6
0.0 0.0 23.6
0.0 0.0 23.6
16.0 0.0 23.6
0.0 0.0 23.6
0.0 0.0 11.3
0.0 0.0 11.3
0.0 0.0 11.3
0.0 0.0 11.3
16.0 0.0 11.3
0.0 0.0 11.3
0.0 0.0 11.3
0.0 0.0 11.3
0.0 0.0 11.3
0.0 0.0 14.3
0.0 0.0 14.3
0.0 0.0 14.3
0.0 0.0 14.3
0.0 0.0 14.3
16.0 0.0 14.3
0.0 0.0 14.3
0.0 0.0 14.3
0.0 0.0 14.3
0.0 0.0 14.3
0.0 0.0 14.3
0.0 0.0 14.3
0.0 0.0 14.3
0.0 0.0 14.3
0.0 0.0 15.4
0.0 0.0 15.4
0.0 0.0 15.4
0.0 0.0 15.4
0.0 0.0 15.4
0.0 0.0 15.4
0.0 0.0 15.4
0.0 0.0 15.4
0.0 0.0 15.4
15.0 0.0 15.4
0.0 0.0 15.4
0.0 0.0 15.5
0.0 0.0 15.5
0.0 0.0 15.5
0.0 0.0 15.5
0.0 0.0 15.5
16.0 0.0 15.5
0.0 0.0 15.5
0.0 0.0 15.5
0.0 0.0 15.5
0.0 0.0 15.5
0.0 0.0 15.5
0.0 0.0 15.5
0.0 0.0 15.5
0.0 0.0 15.3
16.0 0.0 15.3
0.0 0.0 15.3
0.0 0.0 15.3
0.0 0.0 15.3
0.0 0.0 15.3
0.0 0.0 15.3
0.0 0.0 15.3
0.0 0.0 15.3
0.0 0.0 15.3
0.0 0.0 16.2
0.0 0.0 16.2
0.0 0.0 16.2
0.0 0.0 16.2
0.0 0.0 16.2
0.0 0.0 16.2
0.0 0.0 16.2
0.0 0.0 16.2
0.0 0.0 16.2
16.0 0.0 16.2
0.0 0.0 16.2
0.0 0.0 16.2
0.0 0.0 16.2
0.0 0.0 15.0
0.0 0.0 15.0
0.0 0.0 15.0
0.0 0.0 15.0
0.0 0.0 15.0
0.0 0.0 15.0
0.0 0.0 15.0
0.0 0.0 15.0
0.0 0.0 15.0
0.0 0.0 15.0
0.0 0.0 15.0
0.0 0.0 15.0
0.0 0.0 15.0
0.0 0.0 15.1
0.0 0.0 15.1
16.0 0.0 15.1
0.0 0.0 15.1
0.0 0.0 15.1
0.0 0.0 15.1
0.0 0.0 15.1
0.0 0.0 15.1
0.0 0.0 15.1
0.0 0.0 15.1
0.0 0.0 15.1
0.0 0.0 15.1
0.0 0.0 15.1
0.0 0.0 15.1
0.0 0.0 13.8
0.0 0.0 13.8
0.0 0.0 13.8
0.0 0.0 13.8
0.0 0.0 13.8
0.0 0.0 13.8
0.0 0.0 13.8
0.0 0.0 13.8
0.0 0.0 13.8
0.0 0.0 13.8
0.0 0.0 13.8
0.0 0.0 13.8
0.0 0.0 23.4
0.0 0.0 23.4
0.0 0.0 23.4
0.0 0.0 23.4
0.0 0.0 23.4
0.0 0.0 23.4
0.0 0.0 23.4
Numero de fallas:0
Prueba 2
T1 T2 %Carga
15.0 0.0 24.9
0.0 0.0 24.9
16.0 0.0 24.9
0.0 0.0 24.9
16.0 0.0 24.9
0.0 0.0 24.9
0.0 0.0 24.9
0.0 0.0 24.9
1.0 0.0 24.9
0.0 0.0 24.9
0.0 0.0 24.9
171.0 16.0 24.9
0.0 0.0 24.9
0.0 0.0 24.9
0.0 0.0 24.9
0.0 0.0 24.9
0.0 0.0 24.9
0.0 0.0 36.9
16.0 0.0 36.9
0.0 0.0 36.9
0.0 0.0 36.9
0.0 0.0 36.9
0.0 0.0 36.9
0.0 0.0 36.9
0.0 0.0 36.9
0.0 0.0 36.9
0.0 0.0 36.9
0.0 16.0 36.9
0.0 0.0 26.8
0.0 0.0 26.8
0.0 0.0 26.8
0.0 0.0 26.8
0.0 0.0 26.8
0.0 0.0 26.8
0.0 0.0 26.8
16.0 0.0 26.8
0.0 0.0 26.8
0.0 0.0 26.8
0.0 0.0 26.8
0.0 0.0 26.8
0.0 0.0 26.8
0.0 0.0 26.8
0.0 0.0 26.8
0.0 0.0 28.3
0.0 0.0 28.3
0.0 0.0 28.3
0.0 0.0 28.3
0.0 0.0 28.3
16.0 0.0 28.3
16.0 0.0 28.3
0.0 0.0 28.3
0.0 0.0 28.3
0.0 0.0 28.3
0.0 0.0 28.3
0.0 0.0 29.8
0.0 0.0 29.8
0.0 0.0 29.8
0.0 0.0 29.8
0.0 0.0 29.8
0.0 0.0 29.8
0.0 0.0 29.8
0.0 0.0 29.8
0.0 0.0 29.8
0.0 0.0 29.8
0.0 0.0 29.8
0.0 0.0 30.3
15.0 0.0 30.3
0.0 0.0 30.3
0.0 0.0 30.3
0.0 0.0 30.3
15.0 0.0 30.3
0.0 0.0 30.3
0.0 0.0 30.3
0.0 0.0 30.3
0.0 0.0 30.3
0.0 0.0 30.1
0.0 0.0 30.1
0.0 0.0 30.1
0.0 0.0 30.1
0.0 0.0 30.1
0.0 0.0 30.1
0.0 0.0 30.1
0.0 0.0 30.1
0.0 0.0 30.1
0.0 0.0 30.1
0.0 0.0 30.1
0.0 0.0 30.1
0.0 0.0 30.1
0.0 0.0 30.1
0.0 0.0 30.1
0.0 0.0 27.2
0.0 0.0 27.2
0.0 0.0 27.2
0.0 0.0 27.2
0.0 0.0 27.2
0.0 0.0 27.2
0.0 0.0 27.2
0.0 0.0 27.2
0.0 0.0 27.2
16.0 0.0 27.2
0.0 0.0 27.2
15.0 0.0 27.2
0.0 0.0 30.8
0.0 0.0 30.8
0.0 0.0 30.8
15.0 0.0 30.8
0.0 0.0 30.8
0.0 0.0 30.8
0.0 0.0 30.8
0.0 0.0 30.8
0.0 0.0 30.8
0.0 0.0 30.8
0.0 0.0 30.8
0.0 0.0 27.0
0.0 0.0 27.0
0.0 0.0 27.0
0.0 0.0 27.0
0.0 0.0 27.0
0.0 0.0 27.0
0.0 0.0 27.0
15.0 0.0 27.0
0.0 0.0 27.0
0.0 0.0 27.0
0.0 0.0 27.3
0.0 0.0 27.3
0.0 0.0 27.3
0.0 0.0 27.3
0.0 16.0 27.3
0.0 0.0 27.3
0.0 0.0 27.3
0.0 0.0 27.3
0.0 0.0 27.3
0.0 0.0 27.3
0.0 15.0 27.3
0.0 0.0 28.5
0.0 0.0 28.5
0.0 0.0 28.5
0.0 0.0 28.5
0.0 0.0 28.5
0.0 0.0 28.5
0.0 0.0 28.5
0.0 0.0 28.5
16.0 0.0 28.5
0.0 0.0 34.2
0.0 0.0 34.2
0.0 0.0 34.2
0.0 0.0 34.2
0.0 16.0 34.2
0.0 0.0 34.2
0.0 0.0 34.2
0.0 0.0 34.2
0.0 0.0 34.2
0.0 0.0 34.2
16.0 0.0 34.2
0.0 0.0 34.2
0.0 0.0 34.2
16.0 0.0 26.2
0.0 0.0 26.2
0.0 0.0 26.2
0.0 0.0 26.2
0.0 0.0 26.2
16.0 0.0 26.2
0.0 0.0 26.2
16.0 0.0 26.2
0.0 0.0 26.2
16.0 0.0 26.2
0.0 0.0 26.2
0.0 0.0 26.2
0.0 0.0 25.5
0.0 0.0 25.5
15.0 0.0 25.5
0.0 0.0 25.5
0.0 0.0 25.5
0.0 0.0 25.5
0.0 0.0 25.5
0.0 0.0 25.5
0.0 0.0 25.5
16.0 0.0 25.5
0.0 0.0 25.5
0.0 0.0 14.3
0.0 0.0 14.3
0.0 0.0 14.3
0.0 0.0 14.3
0.0 0.0 14.3
0.0 0.0 14.3
0.0 0.0 14.3
0.0 0.0 14.3
0.0 0.0 14.3
0.0 0.0 14.3
0.0 0.0 14.3
0.0 0.0 14.3
0.0 0.0 14.3
0.0 0.0 30.0
0.0 15.0 30.0
0.0 0.0 30.0
16.0 0.0 30.0
0.0 0.0 30.0
0.0 0.0 30.0
0.0 0.0 30.0
0.0 0.0 30.0
0.0 0.0 30.0
0.0 0.0 30.0
0.0 0.0 30.0
15.0 0.0 28.7
0.0 0.0 28.7
0.0 0.0 28.7
1.0 0.0 28.7
0.0 0.0 28.7
0.0 0.0 28.7
0.0 0.0 28.7
0.0 0.0 28.7
0.0 0.0 28.7
0.0 0.0 28.7
0.0 0.0 28.7
0.0 0.0 28.7
0.0 0.0 28.7
0.0 0.0 26.0
0.0 0.0 26.0
0.0 0.0 26.0
0.0 16.0 26.0
0.0 0.0 26.0
1.0 0.0 26.0
0.0 0.0 26.0
0.0 0.0 26.0
0.0 0.0 26.0
0.0 0.0 26.0
16.0 0.0 26.0
0.0 0.0 25.2
0.0 0.0 25.2
0.0 0.0 25.2
0.0 0.0 25.2
0.0 0.0 25.2
15.0 0.0 25.2
0.0 0.0 25.2
16.0 0.0 25.2
0.0 0.0 25.2
0.0 0.0 25.2
0.0 0.0 25.2
0.0 0.0 25.2
0.0 0.0 25.2
0.0 0.0 28.5
0.0 0.0 28.5
0.0 0.0 28.5
16.0 0.0 28.5
0.0 0.0 28.5
0.0 0.0 28.5
0.0 0.0 28.5
0.0 0.0 28.5
16.0 0.0 28.5
0.0 0.0 28.5
0.0 0.0 28.5
16.0 0.0 28.5
0.0 0.0 28.5
0.0 0.0 33.9
0.0 0.0 33.9
0.0 0.0 33.9
0.0 0.0 33.9
0.0 0.0 33.9
0.0 0.0 33.9
0.0 0.0 33.9
0.0 0.0 33.9
0.0 0.0 19.8
15.0 0.0 19.8
15.0 0.0 19.8
0.0 0.0 19.8
0.0 0.0 19.8
0.0 0.0 19.8
0.0 0.0 19.8
0.0 0.0 19.8
16.0 0.0 19.8
0.0 0.0 19.8
0.0 0.0 19.8
0.0 0.0 19.8
0.0 0.0 19.8
0.0 0.0 23.2
0.0 0.0 23.2
0.0 0.0 23.2
0.0 0.0 23.2
16.0 0.0 23.2
0.0 0.0 23.2
0.0 0.0 23.2
0.0 0.0 23.2
0.0 0.0 23.2
0.0 0.0 23.2
0.0 0.0 23.2
0.0 0.0 23.2
0.0 0.0 14.0
0.0 0.0 14.0
0.0 0.0 14.0
16.0 0.0 14.0
0.0 0.0 14.0
0.0 0.0 14.0
15.0 0.0 14.0
0.0 0.0 14.0
0.0 0.0 14.0
0.0 0.0 14.0
0.0 0.0 14.3
15.0 0.0 14.3
0.0 0.0 14.3
0.0 0.0 14.3
0.0 0.0 14.3
15.0 0.0 14.3
0.0 0.0 14.3
0.0 0.0 14.3
0.0 0.0 14.3
0.0 0.0 14.3
0.0 0.0 14.3
0.0 0.0 13.5
0.0 0.0 13.5
0.0 0.0 13.5
0.0 0.0 13.5
0.0 0.0 13.5
0.0 0.0 13.5
0.0 0.0 13.5
0.0 0.0 13.5
0.0 0.0 13.5
0.0 0.0 13.5
0.0 0.0 13.5
0.0 0.0 16.7
0.0 0.0 16.7
0.0 0.0 16.7
0.0 0.0 16.7
0.0 0.0 16.7
0.0 0.0 16.7
15.0 0.0 16.7
15.0 0.0 16.7
0.0 0.0 16.7
16.0 0.0 12.4
0.0 0.0 12.4
0.0 0.0 12.4
0.0 0.0 12.4
15.0 0.0 12.4
0.0 0.0 12.4
0.0 0.0 12.4
0.0 0.0 12.4
0.0 0.0 12.4
0.0 0.0 12.4
16.0 0.0 12.4
0.0 0.0 12.4
0.0 0.0 17.2
0.0 0.0 17.2
0.0 0.0 17.2
0.0 0.0 17.2
0.0 15.0 17.2
0.0 0.0 17.2
0.0 0.0 17.2
0.0 0.0 17.2
16.0 0.0 17.2
0.0 0.0 17.2
0.0 0.0 17.2
15.0 0.0 15.1
0.0 0.0 15.1
0.0 0.0 15.1
0.0 0.0 15.1
0.0 0.0 15.1
0.0 0.0 15.1
0.0 0.0 15.1
0.0 0.0 15.1
0.0 0.0 15.1
0.0 0.0 15.1
0.0 0.0 15.1
15.0 0.0 15.1
0.0 0.0 14.4
0.0 0.0 14.4
0.0 0.0 14.4
0.0 0.0 14.4
0.0 0.0 14.4
0.0 0.0 14.4
0.0 0.0 14.4
0.0 0.0 14.4
0.0 0.0 14.4
0.0 0.0 14.4
0.0 15.0 14.4
0.0 0.0 14.4
0.0 0.0 14.4
0.0 0.0 15.2
0.0 16.0 15.2
0.0 0.0 15.2
0.0 0.0 15.2
0.0 0.0 15.2
0.0 0.0 15.2
0.0 0.0 15.2
0.0 0.0 15.2
15.0 0.0 15.2
0.0 0.0 15.2
0.0 0.0 15.2
0.0 0.0 14.8
0.0 0.0 14.8
0.0 0.0 14.8
16.0 0.0 14.8
0.0 0.0 14.8
0.0 0.0 14.8
15.0 0.0 14.8
0.0 16.0 14.8
16.0 0.0 14.8
0.0 0.0 14.9
0.0 0.0 14.9
15.0 0.0 14.9
0.0 0.0 14.9
0.0 0.0 14.9
Numero de fallas:0
Prueba 3
T1 T2 %Carga
0.0 0.0 0.0
0.0 0.0 0.0
0.0 0.0 0.0
15.0 0.0 0.0
0.0 0.0 0.0
0.0 15.0 0.0
15.0 0.0 0.0
171.0 16.0 0.0
0.0 0.0 0.0
0.0 0.0 0.0
0.0 0.0 0.0
0.0 0.0 0.0
0.0 0.0 0.0
0.0 0.0 0.0
0.0 0.0 0.0
0.0 0.0 0.0
0.0 0.0 0.0
16.0 0.0 0.0
0.0 0.0 0.0
0.0 0.0 0.0
0.0 0.0 0.0
0.0 0.0 24.9
0.0 0.0 24.9
0.0 0.0 24.9
16.0 0.0 24.9
0.0 0.0 24.9
0.0 0.0 24.9
0.0 0.0 24.9
0.0 16.0 24.9
0.0 0.0 24.9
0.0 0.0 24.9
16.0 0.0 24.9
0.0 0.0 24.9
16.0 0.0 24.9
16.0 0.0 24.9
0.0 0.0 24.9
0.0 0.0 24.9
0.0 0.0 24.9
0.0 0.0 24.9
0.0 0.0 24.9
0.0 0.0 24.9
16.0 0.0 24.9
0.0 0.0 24.9
0.0 0.0 24.9
0.0 0.0 20.4
0.0 0.0 20.4
0.0 16.0 20.4
0.0 0.0 20.4
0.0 0.0 20.4
0.0 0.0 20.4
0.0 0.0 20.4
0.0 0.0 20.4
0.0 0.0 20.4
0.0 0.0 20.4
16.0 0.0 20.4
0.0 0.0 25.0
0.0 0.0 25.0
0.0 0.0 25.0
0.0 16.0 25.0
0.0 0.0 25.0
0.0 0.0 25.0
0.0 0.0 25.0
0.0 0.0 25.0
0.0 0.0 25.0
0.0 0.0 25.0
0.0 0.0 24.2
16.0 0.0 24.2
0.0 0.0 24.2
0.0 0.0 24.2
0.0 0.0 24.2
0.0 0.0 24.2
0.0 0.0 24.2
0.0 0.0 24.2
0.0 0.0 24.2
0.0 0.0 23.4
0.0 0.0 23.4
0.0 0.0 23.4
0.0 0.0 23.4
0.0 0.0 23.4
0.0 0.0 23.4
0.0 0.0 23.4
0.0 0.0 23.4
0.0 0.0 23.4
0.0 0.0 23.4
0.0 0.0 23.4
0.0 0.0 23.4
0.0 0.0 25.5
0.0 0.0 25.5
0.0 0.0 25.5
0.0 0.0 25.5
0.0 0.0 25.5
0.0 0.0 25.5
0.0 16.0 25.5
0.0 0.0 25.5
0.0 0.0 25.5
0.0 0.0 25.5
0.0 0.0 25.0
0.0 0.0 25.0
0.0 0.0 25.0
0.0 0.0 25.0
0.0 0.0 25.0
0.0 0.0 25.0
0.0 0.0 25.0
0.0 0.0 25.0
0.0 0.0 25.0
0.0 0.0 25.0
0.0 0.0 25.0
0.0 0.0 25.0
0.0 0.0 25.0
0.0 0.0 25.0
0.0 0.0 25.0
0.0 0.0 25.1
0.0 0.0 25.1
0.0 0.0 25.1
0.0 0.0 25.1
0.0 0.0 25.1
0.0 0.0 25.1
0.0 0.0 25.1
0.0 0.0 25.1
0.0 0.0 25.1
0.0 0.0 25.1
0.0 0.0 25.1
0.0 0.0 25.1
0.0 16.0 25.1
0.0 0.0 27.3
0.0 0.0 27.3
0.0 0.0 27.3
16.0 0.0 27.3
0.0 0.0 27.3
0.0 0.0 27.3
0.0 0.0 27.3
0.0 0.0 27.3
0.0 0.0 27.3
0.0 0.0 27.3
0.0 0.0 27.3
0.0 0.0 27.3
15.0 0.0 27.5
0.0 0.0 27.5
15.0 0.0 27.5
0.0 0.0 27.5
0.0 0.0 27.5
0.0 0.0 27.5
0.0 0.0 27.5
0.0 0.0 27.5
0.0 0.0 27.5
0.0 0.0 27.5
15.0 0.0 27.5
0.0 0.0 30.8
0.0 0.0 30.8
15.0 0.0 30.8
0.0 0.0 30.8
0.0 0.0 30.8
0.0 0.0 30.8
0.0 0.0 30.8
0.0 0.0 30.8
0.0 0.0 30.8
0.0 0.0 30.8
0.0 0.0 30.8
0.0 0.0 30.8
0.0 0.0 26.0
0.0 0.0 26.0
0.0 0.0 26.0
0.0 0.0 26.0
0.0 0.0 26.0
0.0 0.0 26.0
0.0 0.0 26.0
0.0 0.0 26.0
0.0 0.0 26.0
0.0 0.0 26.0
0.0 15.0 26.0
0.0 0.0 29.1
0.0 0.0 29.1
0.0 0.0 29.1
0.0 0.0 29.1
0.0 0.0 29.1
0.0 0.0 29.1
0.0 0.0 29.1
0.0 0.0 29.1
0.0 0.0 29.1
0.0 0.0 29.1
0.0 0.0 29.1
0.0 0.0 29.4
0.0 0.0 29.4
0.0 0.0 29.4
0.0 0.0 29.4
0.0 0.0 29.4
0.0 0.0 29.4
16.0 0.0 29.4
0.0 0.0 29.4
16.0 0.0 29.4
15.0 0.0 29.4
16.0 0.0 29.4
16.0 0.0 29.4
0.0 0.0 29.4
0.0 0.0 26.8
16.0 0.0 26.8
16.0 0.0 26.8
0.0 0.0 26.8
0.0 0.0 26.8
0.0 0.0 26.8
0.0 0.0 26.8
0.0 0.0 26.8
0.0 0.0 26.8
0.0 0.0 28.4
0.0 0.0 28.4
0.0 0.0 28.4
0.0 0.0 28.4
0.0 0.0 28.4
0.0 0.0 28.4
0.0 0.0 28.4
15.0 0.0 28.4
0.0 0.0 26.1
0.0 0.0 26.1
0.0 0.0 26.1
0.0 0.0 26.1
15.0 0.0 26.1
0.0 0.0 26.1
0.0 0.0 26.1
0.0 0.0 26.1
16.0 0.0 26.1
0.0 0.0 26.1
0.0 0.0 26.0
0.0 0.0 26.0
0.0 0.0 26.0
0.0 0.0 26.0
0.0 0.0 26.0
0.0 0.0 26.0
0.0 0.0 26.0
0.0 0.0 26.0
16.0 0.0 26.0
0.0 0.0 26.0
0.0 0.0 26.0
0.0 0.0 25.7
0.0 0.0 25.7
0.0 0.0 25.7
0.0 0.0 25.7
16.0 0.0 25.7
0.0 0.0 25.7
0.0 0.0 25.7
0.0 1.0 25.7
0.0 0.0 25.7
0.0 0.0 25.7
0.0 0.0 25.7
15.0 0.0 25.7
0.0 0.0 37.4
0.0 0.0 37.4
0.0 0.0 37.4
0.0 0.0 37.4
0.0 0.0 37.4
0.0 0.0 37.4
0.0 0.0 37.4
0.0 0.0 37.4
0.0 0.0 37.4
0.0 0.0 37.4
0.0 0.0 37.4
0.0 0.0 37.4
0.0 0.0 37.4
0.0 0.0 19.3
0.0 0.0 19.3
0.0 0.0 19.3
0.0 0.0 19.3
0.0 0.0 19.3
0.0 15.0 19.3
0.0 0.0 19.3
0.0 0.0 19.3
15.0 0.0 19.3
16.0 0.0 19.3
0.0 0.0 19.3
0.0 0.0 19.3
0.0 0.0 19.2
0.0 0.0 19.2
0.0 0.0 19.2
0.0 0.0 19.2
0.0 0.0 19.2
0.0 0.0 19.2
0.0 0.0 19.2
0.0 0.0 19.2
0.0 0.0 19.2
0.0 0.0 19.2
0.0 0.0 19.2
0.0 0.0 19.3
0.0 0.0 19.3
16.0 0.0 19.3
0.0 0.0 19.3
0.0 0.0 19.3
0.0 0.0 19.3
0.0 0.0 19.3
0.0 0.0 19.3
0.0 0.0 19.3
15.0 0.0 19.3
0.0 0.0 19.3
0.0 0.0 19.3
0.0 0.0 19.3
0.0 0.0 13.8
0.0 0.0 13.8
16.0 0.0 13.8
0.0 0.0 13.8
0.0 0.0 13.8
0.0 0.0 13.8
0.0 0.0 13.8
0.0 0.0 13.8
0.0 0.0 13.8
0.0 0.0 13.8
0.0 0.0 14.3
0.0 0.0 14.3
0.0 0.0 14.3
0.0 0.0 14.3
0.0 0.0 14.3
16.0 0.0 14.3
16.0 0.0 14.3
0.0 0.0 14.3
0.0 0.0 14.3
0.0 0.0 14.3
0.0 0.0 14.3
0.0 0.0 14.3
0.0 0.0 13.7
0.0 0.0 13.7
0.0 0.0 13.7
0.0 0.0 13.7
0.0 0.0 13.7
0.0 0.0 13.7
0.0 0.0 13.7
0.0 0.0 13.7
0.0 0.0 13.7
0.0 0.0 13.7
0.0 0.0 13.7
0.0 0.0 13.7
0.0 0.0 13.7
0.0 0.0 13.2
15.0 0.0 13.2
0.0 0.0 13.2
0.0 0.0 13.2
0.0 0.0 13.2
31.0 0.0 13.2
15.0 0.0 13.2
15.0 0.0 13.2
0.0 0.0 13.2
0.0 0.0 13.2
0.0 0.0 14.1
0.0 0.0 14.1
0.0 0.0 14.1
0.0 0.0 14.1
0.0 0.0 14.1
0.0 0.0 14.1
0.0 0.0 14.1
0.0 0.0 14.1
0.0 0.0 14.1
0.0 0.0 14.1
0.0 0.0 14.1
0.0 0.0 14.1
0.0 0.0 14.1
0.0 0.0 14.1
15.0 0.0 27.0
0.0 0.0 27.0
16.0 0.0 27.0
0.0 0.0 27.0
0.0 0.0 27.0
15.0 0.0 27.0
0.0 0.0 27.0
0.0 0.0 27.0
15.0 0.0 27.0
0.0 0.0 27.0
0.0 0.0 27.0
0.0 0.0 14.3
15.0 0.0 14.3
0.0 0.0 14.3
0.0 0.0 14.3
0.0 0.0 14.3
0.0 0.0 14.3
16.0 0.0 14.3
0.0 0.0 14.3
0.0 0.0 14.3
0.0 0.0 14.3
0.0 0.0 14.3
0.0 0.0 14.3
0.0 0.0 14.3
0.0 0.0 14.3
0.0 0.0 14.3
16.0 0.0 17.1
0.0 0.0 17.1
0.0 0.0 17.1
0.0 0.0 17.1
0.0 0.0 17.1
0.0 0.0 17.1
0.0 0.0 17.1
15.0 0.0 17.1
0.0 0.0 17.1
0.0 0.0 17.1
0.0 0.0 17.1
0.0 0.0 8.9
15.0 0.0 8.9
0.0 0.0 8.9
15.0 0.0 8.9
0.0 0.0 8.9
0.0 0.0 8.9
0.0 0.0 8.9
0.0 0.0 8.9
0.0 0.0 8.9
0.0 0.0 8.9
Numero de fallas:0
Prueba 4
T1 T2 %Carga
0.0 0.0 0.0
0.0 0.0 0.0
0.0 0.0 0.0
0.0 0.0 0.0
0.0 0.0 0.0
0.0 0.0 0.0
0.0 0.0 0.0
0.0 0.0 0.0
0.0 0.0 0.0
192.0 16.0 0.0
0.0 0.0 0.0
0.0 0.0 0.0
0.0 0.0 0.0
0.0 0.0 0.0
0.0 0.0 0.0
0.0 0.0 0.0
0.0 0.0 0.0
0.0 0.0 0.0
0.0 0.0 29.3
0.0 0.0 29.3
0.0 0.0 29.3
0.0 0.0 29.3
0.0 0.0 29.3
31.0 0.0 29.3
0.0 16.0 29.3
0.0 0.0 29.3
0.0 0.0 29.3
0.0 0.0 29.3
0.0 0.0 29.3
15.0 0.0 32.0
0.0 0.0 32.0
0.0 0.0 32.0
0.0 0.0 32.0
16.0 0.0 32.0
0.0 0.0 32.0
0.0 0.0 32.0
0.0 0.0 32.0
0.0 0.0 32.0
0.0 15.0 32.0
0.0 0.0 31.2
0.0 0.0 31.2
0.0 0.0 31.2
0.0 0.0 31.2
16.0 0.0 31.2
0.0 0.0 31.2
0.0 0.0 31.2
0.0 0.0 31.2
15.0 0.0 31.2
0.0 0.0 31.2
0.0 0.0 31.2
0.0 0.0 31.2
0.0 0.0 28.5
0.0 0.0 28.5
0.0 0.0 28.5
15.0 0.0 28.5
16.0 0.0 28.5
0.0 0.0 28.5
15.0 0.0 28.5
0.0 0.0 28.5
0.0 0.0 28.5
0.0 0.0 30.7
15.0 0.0 30.7
0.0 0.0 30.7
0.0 0.0 30.7
0.0 0.0 30.7
0.0 0.0 30.7
0.0 0.0 30.7
1.0 0.0 30.7
0.0 0.0 30.7
0.0 0.0 30.7
16.0 0.0 30.7
0.0 0.0 30.7
0.0 0.0 30.7
16.0 0.0 33.0
0.0 0.0 33.0
0.0 0.0 33.0
0.0 0.0 33.0
0.0 0.0 33.0
0.0 0.0 33.0
0.0 0.0 33.0
0.0 0.0 33.0
0.0 0.0 33.0
0.0 0.0 33.0
15.0 0.0 33.0
16.0 0.0 33.0
0.0 0.0 33.0
0.0 0.0 26.7
0.0 0.0 26.7
0.0 0.0 26.7
0.0 0.0 26.7
0.0 0.0 26.7
0.0 0.0 26.7
0.0 0.0 26.7
0.0 0.0 26.7
0.0 0.0 26.7
0.0 0.0 26.7
0.0 0.0 26.7
0.0 0.0 26.7
0.0 0.0 28.4
0.0 0.0 28.4
0.0 0.0 28.4
0.0 0.0 28.4
0.0 0.0 28.4
0.0 0.0 28.4
0.0 0.0 28.4
15.0 0.0 28.4
0.0 0.0 28.4
0.0 0.0 28.4
0.0 0.0 28.4
0.0 0.0 28.4
0.0 0.0 28.0
0.0 0.0 28.0
0.0 0.0 28.0
0.0 0.0 28.0
0.0 15.0 28.0
0.0 16.0 28.0
0.0 0.0 28.0
16.0 0.0 28.0
0.0 0.0 28.0
0.0 0.0 28.0
0.0 0.0 28.0
0.0 0.0 28.0
0.0 0.0 26.8
0.0 0.0 26.8
0.0 0.0 26.8
0.0 0.0 26.8
0.0 0.0 26.8
0.0 0.0 26.8
0.0 0.0 26.8
15.0 0.0 26.8
0.0 0.0 26.8
0.0 0.0 26.8
0.0 0.0 26.8
0.0 0.0 27.8
1.0 0.0 27.8
0.0 0.0 27.8
0.0 0.0 27.8
0.0 0.0 27.8
0.0 0.0 27.8
0.0 0.0 27.8
0.0 0.0 27.8
0.0 0.0 27.8
0.0 0.0 27.8
0.0 0.0 27.8
0.0 0.0 27.8
0.0 0.0 27.8
0.0 0.0 27.6
0.0 0.0 27.6
0.0 0.0 27.6
0.0 0.0 27.6
0.0 0.0 27.6
0.0 0.0 27.6
0.0 0.0 27.6
15.0 0.0 27.6
0.0 0.0 27.6
2.0 0.0 27.6
0.0 0.0 26.9
0.0 0.0 26.9
0.0 0.0 26.9
0.0 0.0 26.9
0.0 0.0 26.9
0.0 0.0 26.9
0.0 0.0 26.9
0.0 0.0 26.9
15.0 0.0 26.9
2.0 0.0 26.9
0.0 0.0 26.8
15.0 0.0 26.8
0.0 0.0 26.8
0.0 0.0 26.8
0.0 0.0 26.8
0.0 0.0 26.8
0.0 0.0 26.8
0.0 0.0 26.8
0.0 0.0 26.8
15.0 0.0 26.8
0.0 0.0 26.8
0.0 0.0 31.1
0.0 0.0 31.1
0.0 0.0 31.1
0.0 0.0 31.1
0.0 0.0 31.1
0.0 0.0 31.1
15.0 0.0 31.1
0.0 15.0 31.1
0.0 0.0 31.1
0.0 0.0 31.1
0.0 0.0 31.1
0.0 0.0 31.1
0.0 0.0 31.1
0.0 0.0 25.1
0.0 0.0 25.1
0.0 0.0 25.1
0.0 0.0 25.1
0.0 0.0 25.1
15.0 0.0 25.1
0.0 0.0 25.1
0.0 0.0 25.1
0.0 0.0 25.1
0.0 0.0 25.1
0.0 0.0 29.3
0.0 0.0 29.3
0.0 0.0 29.3
0.0 0.0 29.3
16.0 0.0 29.3
0.0 0.0 29.3
0.0 0.0 29.3
0.0 0.0 29.3
0.0 0.0 29.3
0.0 0.0 29.3
0.0 0.0 29.3
0.0 0.0 29.3
0.0 0.0 29.3
0.0 0.0 24.1
0.0 0.0 24.1
0.0 0.0 24.1
0.0 0.0 24.1
0.0 0.0 24.1
16.0 0.0 24.1
0.0 0.0 24.1
0.0 0.0 24.1
0.0 0.0 24.1
0.0 0.0 24.1
15.0 0.0 24.1
0.0 0.0 24.1
0.0 0.0 24.1
0.0 0.0 28.7
0.0 0.0 28.7
0.0 0.0 28.7
0.0 0.0 28.7
0.0 0.0 28.7
16.0 0.0 28.7
0.0 0.0 28.7
15.0 0.0 28.7
16.0 0.0 28.7
16.0 0.0 28.7
0.0 0.0 28.7
15.0 0.0 26.1
0.0 0.0 26.1
0.0 0.0 26.1
0.0 0.0 26.1
0.0 0.0 26.1
0.0 0.0 26.1
0.0 0.0 26.1
15.0 0.0 26.1
0.0 0.0 26.1
16.0 0.0 26.1
0.0 0.0 26.1
0.0 0.0 33.8
16.0 0.0 33.8
15.0 0.0 33.8
0.0 0.0 33.8
0.0 0.0 33.8
0.0 0.0 33.8
16.0 0.0 33.8
0.0 0.0 33.8
0.0 0.0 33.8
0.0 0.0 33.8
0.0 0.0 33.8
0.0 0.0 33.8
0.0 0.0 33.8
0.0 0.0 20.9
0.0 0.0 20.9
0.0 16.0 20.9
0.0 0.0 20.9
0.0 0.0 20.9
0.0 0.0 20.9
0.0 0.0 20.9
0.0 0.0 20.9
16.0 0.0 20.9
0.0 0.0 20.9
16.0 0.0 20.9
0.0 0.0 20.9
0.0 0.0 20.9
0.0 0.0 22.4
0.0 0.0 22.4
0.0 0.0 22.4
0.0 0.0 22.4
0.0 0.0 22.4
0.0 0.0 22.4
0.0 0.0 22.4
0.0 0.0 22.4
0.0 0.0 22.4
0.0 0.0 22.4
0.0 0.0 22.4
0.0 0.0 22.4
0.0 0.0 16.1
0.0 0.0 16.1
0.0 0.0 16.1
15.0 0.0 16.1
0.0 0.0 16.1
0.0 0.0 16.1
16.0 0.0 16.1
0.0 0.0 16.1
0.0 0.0 16.1
0.0 0.0 16.1
0.0 0.0 16.1
0.0 0.0 16.1
0.0 0.0 14.9
0.0 0.0 14.9
0.0 0.0 14.9
0.0 0.0 14.9
0.0 0.0 14.9
0.0 0.0 14.9
0.0 0.0 14.9
0.0 0.0 14.9
0.0 0.0 14.9
0.0 0.0 14.9
16.0 0.0 14.1
0.0 0.0 14.1
0.0 0.0 14.1
0.0 0.0 14.1
0.0 0.0 14.1
0.0 0.0 14.1
16.0 0.0 14.1
0.0 0.0 14.1
0.0 0.0 14.1
0.0 0.0 14.1
0.0 0.0 14.1
0.0 0.0 14.1
0.0 0.0 14.1
0.0 0.0 14.1
0.0 0.0 14.1
0.0 0.0 14.1
0.0 0.0 14.1
0.0 0.0 14.1
0.0 0.0 14.1
0.0 0.0 14.1
0.0 0.0 14.1
0.0 0.0 14.1
0.0 0.0 14.1
0.0 0.0 14.1
0.0 0.0 14.1
0.0 0.0 14.1
0.0 0.0 14.1
0.0 0.0 14.1
15.0 0.0 14.1
16.0 0.0 14.1
0.0 0.0 14.1
0.0 0.0 14.1
0.0 0.0 14.1
0.0 0.0 14.1
0.0 0.0 13.8
0.0 0.0 13.8
0.0 0.0 13.8
0.0 0.0 13.8
0.0 0.0 13.8
0.0 0.0 13.8
0.0 0.0 13.8
0.0 0.0 13.8
0.0 0.0 13.8
0.0 0.0 13.8
15.0 0.0 13.8
0.0 0.0 13.8
0.0 0.0 13.8
0.0 0.0 13.8
16.0 0.0 14.9
0.0 0.0 14.9
0.0 0.0 14.9
0.0 0.0 14.9
0.0 0.0 14.9
0.0 0.0 14.9
0.0 0.0 14.9
0.0 0.0 14.9
0.0 0.0 14.9
0.0 0.0 14.9
0.0 0.0 14.9
0.0 0.0 14.9
0.0 0.0 14.9
0.0 0.0 13.7
0.0 0.0 13.7
0.0 0.0 13.7
0.0 0.0 13.7
0.0 0.0 13.7
0.0 0.0 13.7
0.0 0.0 13.7
16.0 0.0 13.7
0.0 0.0 13.7
0.0 0.0 13.7
0.0 0.0 13.7
0.0 0.0 13.7
0.0 0.0 13.7
0.0 0.0 13.7
16.0 0.0 13.7
0.0 0.0 13.7
0.0 0.0 13.7
0.0 0.0 13.7
16.0 0.0 13.7
0.0 0.0 13.7
0.0 0.0 13.7
0.0 0.0 13.7
0.0 0.0 13.7
0.0 0.0 13.7
0.0 0.0 15.3
0.0 15.0 15.3
0.0 0.0 15.3
15.0 0.0 15.3
0.0 0.0 15.3
0.0 0.0 15.3
0.0 0.0 15.3
Numero de fallas:0
Prueba 5
T1 T2 %Carga
0.0 0.0 25.0
15.0 0.0 25.0
0.0 0.0 25.0
15.0 0.0 25.0
0.0 0.0 25.0
0.0 0.0 25.0
0.0 0.0 25.0
0.0 16.0 25.0
0.0 0.0 25.0
0.0 0.0 25.0
0.0 0.0 25.0
172.0 15.0 25.0
0.0 0.0 25.0
0.0 0.0 25.0
0.0 0.0 25.0
0.0 0.0 25.0
0.0 0.0 25.0
0.0 0.0 25.0
0.0 0.0 25.0
0.0 0.0 30.9
0.0 0.0 30.9
0.0 0.0 30.9
0.0 0.0 30.9
0.0 0.0 30.9
0.0 0.0 30.9
31.0 0.0 30.9
0.0 0.0 30.9
0.0 0.0 30.9
0.0 0.0 30.9
0.0 0.0 30.9
0.0 0.0 30.9
0.0 0.0 31.2
0.0 0.0 31.2
0.0 0.0 31.2
16.0 0.0 31.2
0.0 0.0 31.2
0.0 0.0 31.2
16.0 0.0 31.2
0.0 0.0 31.2
15.0 0.0 31.2
0.0 0.0 31.2
0.0 0.0 31.2
0.0 0.0 29.9
0.0 0.0 29.9
0.0 0.0 29.9
0.0 0.0 29.9
0.0 0.0 29.9
0.0 0.0 29.9
16.0 0.0 29.9
0.0 0.0 29.9
0.0 0.0 29.9
16.0 0.0 29.9
0.0 0.0 29.9
16.0 0.0 29.9
0.0 0.0 29.9
0.0 0.0 29.1
0.0 0.0 29.1
0.0 0.0 29.1
0.0 0.0 29.1
0.0 15.0 29.1
0.0 0.0 29.1
0.0 0.0 29.1
0.0 0.0 29.1
0.0 0.0 29.1
0.0 0.0 29.1
0.0 0.0 29.1
16.0 0.0 29.1
0.0 0.0 27.6
0.0 0.0 27.6
0.0 0.0 27.6
0.0 0.0 27.6
0.0 0.0 27.6
0.0 0.0 27.6
0.0 0.0 27.6
0.0 0.0 27.6
0.0 0.0 27.6
0.0 0.0 27.6
0.0 0.0 27.6
0.0 0.0 27.6
0.0 0.0 26.7
0.0 0.0 26.7
0.0 0.0 26.7
0.0 0.0 26.7
0.0 0.0 26.7
0.0 0.0 26.7
0.0 0.0 26.7
0.0 0.0 26.7
0.0 0.0 26.7
0.0 0.0 26.7
0.0 0.0 26.7
0.0 0.0 26.7
0.0 0.0 26.7
0.0 0.0 26.2
0.0 0.0 26.2
0.0 0.0 26.2
0.0 0.0 26.2
16.0 0.0 26.2
0.0 0.0 26.2
0.0 0.0 26.2
15.0 0.0 26.2
0.0 0.0 26.2
0.0 0.0 26.2
0.0 0.0 26.2
0.0 0.0 26.2
0.0 0.0 26.2
0.0 0.0 30.0
0.0 0.0 30.0
0.0 0.0 30.0
0.0 0.0 30.0
0.0 0.0 30.0
0.0 0.0 30.0
0.0 0.0 30.0
0.0 0.0 30.0
0.0 0.0 30.0
16.0 0.0 30.0
0.0 0.0 30.0
0.0 0.0 30.0
0.0 0.0 28.2
15.0 0.0 28.2
0.0 0.0 28.2
15.0 0.0 28.2
16.0 0.0 28.2
0.0 0.0 28.2
0.0 0.0 28.2
0.0 0.0 28.2
0.0 0.0 28.2
0.0 0.0 28.2
0.0 0.0 28.2
0.0 0.0 26.8
0.0 0.0 26.8
15.0 0.0 26.8
0.0 0.0 26.8
16.0 0.0 26.8
0.0 0.0 26.8
0.0 0.0 26.8
0.0 0.0 26.8
0.0 0.0 29.7
0.0 0.0 29.7
0.0 0.0 29.7
0.0 0.0 29.7
15.0 0.0 29.7
0.0 0.0 29.7
0.0 0.0 29.7
0.0 0.0 29.7
0.0 0.0 29.7
0.0 0.0 29.7
0.0 0.0 29.7
0.0 0.0 29.7
0.0 0.0 28.4
0.0 0.0 28.4
15.0 0.0 28.4
0.0 0.0 28.4
0.0 0.0 28.4
0.0 0.0 28.4
0.0 0.0 28.4
0.0 0.0 28.4
16.0 0.0 28.4
0.0 0.0 28.4
0.0 0.0 26.3
0.0 0.0 26.3
16.0 0.0 26.3
0.0 0.0 26.3
0.0 0.0 26.3
0.0 0.0 26.3
0.0 0.0 26.3
0.0 0.0 26.3
0.0 0.0 27.2
0.0 0.0 27.2
0.0 0.0 27.2
0.0 0.0 27.2
0.0 0.0 27.2
0.0 0.0 27.2
0.0 0.0 27.2
0.0 0.0 27.2
0.0 0.0 27.2
1.0 0.0 27.2
0.0 0.0 27.2
0.0 0.0 27.2
0.0 0.0 27.2
0.0 0.0 30.8
0.0 0.0 30.8
0.0 0.0 30.8
0.0 0.0 30.8
0.0 0.0 30.8
0.0 0.0 30.8
0.0 0.0 30.8
0.0 0.0 30.8
0.0 0.0 30.8
0.0 0.0 24.5
0.0 16.0 24.5
0.0 0.0 24.5
0.0 0.0 24.5
0.0 0.0 24.5
0.0 0.0 24.5
0.0 0.0 24.5
0.0 0.0 24.5
0.0 0.0 24.5
16.0 0.0 24.5
0.0 0.0 24.5
0.0 0.0 24.5
0.0 0.0 41.3
0.0 0.0 41.3
0.0 0.0 41.3
0.0 0.0 41.3
0.0 0.0 41.3
0.0 0.0 41.3
0.0 0.0 41.3
0.0 0.0 41.3
0.0 0.0 41.3
0.0 0.0 41.3
0.0 0.0 28.0
0.0 0.0 28.0
0.0 0.0 28.0
0.0 0.0 28.0
0.0 0.0 28.0
0.0 0.0 28.0
1.0 0.0 28.0
0.0 0.0 28.0
16.0 0.0 25.2
16.0 0.0 25.2
0.0 0.0 25.2
0.0 0.0 25.2
0.0 0.0 25.2
0.0 0.0 25.2
0.0 0.0 25.2
0.0 0.0 25.2
0.0 0.0 25.2
0.0 0.0 25.2
0.0 15.0 25.2
0.0 0.0 25.2
0.0 0.0 26.8
0.0 0.0 26.8
15.0 0.0 26.8
15.0 0.0 26.8
15.0 0.0 26.8
0.0 0.0 26.8
0.0 0.0 26.8
0.0 0.0 26.8
0.0 0.0 26.8
0.0 0.0 26.8
0.0 0.0 26.8
0.0 0.0 26.8
0.0 0.0 37.4
16.0 0.0 37.4
0.0 0.0 37.4
0.0 0.0 37.4
0.0 0.0 37.4
0.0 0.0 37.4
0.0 0.0 37.4
0.0 0.0 37.4
0.0 16.0 37.4
0.0 0.0 37.4
15.0 0.0 37.4
0.0 0.0 37.4
0.0 0.0 37.4
0.0 0.0 20.5
0.0 0.0 20.5
0.0 0.0 20.5
0.0 0.0 20.5
0.0 0.0 20.5
0.0 0.0 20.5
16.0 0.0 20.5
15.0 0.0 20.5
0.0 0.0 20.5
0.0 0.0 20.5
0.0 0.0 14.0
0.0 0.0 14.0
0.0 0.0 14.0
0.0 0.0 14.0
16.0 0.0 14.0
0.0 0.0 14.0
0.0 0.0 14.0
0.0 0.0 14.0
0.0 0.0 14.0
0.0 0.0 14.0
0.0 0.0 24.6
0.0 0.0 24.6
0.0 16.0 24.6
0.0 0.0 24.6
16.0 0.0 24.6
1.0 0.0 24.6
0.0 0.0 24.6
0.0 0.0 24.6
0.0 0.0 24.6
0.0 0.0 24.6
0.0 0.0 24.6
0.0 0.0 24.6
0.0 0.0 24.6
0.0 0.0 21.1
0.0 0.0 21.1
0.0 0.0 21.1
0.0 0.0 21.1
0.0 0.0 21.1
0.0 0.0 21.1
0.0 0.0 21.1
0.0 0.0 21.1
0.0 0.0 21.1
0.0 0.0 21.1
0.0 0.0 21.1
0.0 0.0 21.1
0.0 0.0 13.9
0.0 0.0 13.9
0.0 0.0 13.9
0.0 0.0 13.9
0.0 0.0 13.9
0.0 0.0 13.9
15.0 0.0 13.9
0.0 0.0 13.9
0.0 0.0 13.9
0.0 0.0 13.9
0.0 0.0 13.9
0.0 0.0 13.9
0.0 0.0 13.9
0.0 0.0 14.2
0.0 0.0 14.2
0.0 0.0 14.2
0.0 0.0 14.2
0.0 0.0 14.2
15.0 0.0 14.2
0.0 0.0 14.2
0.0 0.0 14.2
16.0 0.0 14.2
0.0 0.0 14.2
0.0 0.0 14.2
0.0 0.0 16.3
0.0 0.0 16.3
0.0 0.0 16.3
0.0 0.0 16.3
0.0 0.0 16.3
0.0 0.0 16.3
0.0 0.0 16.3
0.0 0.0 16.3
0.0 0.0 16.3
0.0 0.0 16.3
0.0 0.0 16.3
0.0 0.0 16.3
16.0 0.0 15.6
0.0 0.0 15.6
0.0 0.0 15.6
0.0 0.0 15.6
0.0 0.0 15.6
0.0 0.0 15.6
0.0 0.0 15.6
15.0 0.0 15.6
0.0 0.0 15.6
0.0 0.0 15.6
0.0 0.0 15.6
0.0 0.0 12.2
0.0 0.0 12.2
0.0 0.0 12.2
0.0 0.0 12.2
0.0 0.0 12.2
0.0 0.0 12.2
0.0 0.0 12.2
0.0 0.0 12.2
0.0 0.0 12.2
0.0 0.0 12.2
0.0 0.0 15.3
16.0 0.0 15.3
0.0 0.0 15.3
15.0 0.0 15.3
15.0 0.0 15.3
0.0 16.0 15.3
0.0 0.0 15.3
0.0 0.0 15.3
0.0 0.0 15.3
1.0 0.0 15.3
0.0 0.0 12.8
0.0 0.0 12.8
0.0 0.0 12.8
0.0 0.0 12.8
0.0 0.0 12.8
0.0 0.0 12.8
0.0 0.0 12.8
0.0 0.0 12.8
0.0 0.0 12.8
0.0 0.0 12.8
0.0 0.0 12.8
0.0 0.0 12.8
0.0 0.0 12.8
0.0 0.0 13.9
0.0 0.0 13.9
0.0 0.0 13.9
0.0 0.0 13.9
0.0 16.0 13.9
16.0 0.0 13.9
0.0 0.0 13.9
0.0 0.0 13.9
0.0 0.0 13.9
0.0 0.0 13.9
0.0 0.0 13.3
0.0 0.0 13.3
0.0 0.0 13.3
0.0 0.0 13.3
0.0 0.0 13.3
0.0 0.0 13.3
0.0 0.0 13.3
0.0 0.0 13.3
0.0 0.0 13.3
0.0 0.0 13.3
Numero de fallas:0
Prueba 6
T1 T2 %Carga
172.0 16.0 0.0
0.0 0.0 0.0
0.0 0.0 0.0
0.0 0.0 0.0
0.0 0.0 0.0
15.0 0.0 0.0
16.0 0.0 0.0
0.0 0.0 0.0
0.0 0.0 0.0
0.0 15.0 0.0
0.0 0.0 0.0
16.0 0.0 0.0
0.0 0.0 0.0
0.0 0.0 0.0
0.0 0.0 0.0
0.0 0.0 0.0
0.0 0.0 0.0
16.0 0.0 34.5
2.0 0.0 34.5
0.0 0.0 34.5
0.0 0.0 34.5
0.0 0.0 34.5
0.0 0.0 34.5
0.0 0.0 34.5
16.0 0.0 34.5
0.0 0.0 34.5
0.0 0.0 34.5
0.0 0.0 34.5
0.0 0.0 38.7
0.0 0.0 38.7
0.0 0.0 38.7
0.0 0.0 38.7
0.0 0.0 38.7
0.0 0.0 38.7
0.0 0.0 38.7
0.0 0.0 38.7
0.0 0.0 28.0
0.0 0.0 28.0
0.0 0.0 28.0
0.0 0.0 28.0
0.0 0.0 28.0
0.0 0.0 28.0
0.0 0.0 28.0
0.0 0.0 28.0
0.0 0.0 28.0
0.0 0.0 28.0
0.0 0.0 28.0
0.0 0.0 28.9
0.0 0.0 28.9
0.0 0.0 28.9
0.0 0.0 28.9
0.0 0.0 28.9
0.0 0.0 28.9
0.0 0.0 28.9
0.0 0.0 28.9
0.0 0.0 28.9
0.0 0.0 26.4
0.0 0.0 26.4
0.0 0.0 26.4
0.0 0.0 26.4
0.0 0.0 26.4
0.0 0.0 26.4
0.0 0.0 26.4
0.0 0.0 26.4
0.0 0.0 26.4
0.0 0.0 26.4
0.0 0.0 26.4
0.0 0.0 26.4
15.0 0.0 28.5
0.0 0.0 28.5
0.0 0.0 28.5
0.0 0.0 28.5
0.0 0.0 28.5
15.0 0.0 28.5
0.0 0.0 28.5
0.0 0.0 28.5
0.0 0.0 30.7
0.0 0.0 30.7
0.0 15.0 30.7
0.0 0.0 30.7
16.0 0.0 30.7
0.0 0.0 30.7
0.0 0.0 30.7
0.0 0.0 30.7
0.0 0.0 30.7
0.0 0.0 30.7
0.0 0.0 30.7
0.0 16.0 29.1
0.0 0.0 29.1
0.0 0.0 29.1
0.0 0.0 29.1
0.0 0.0 29.1
0.0 0.0 29.1
0.0 0.0 29.1
0.0 16.0 29.1
0.0 0.0 29.1
0.0 0.0 29.1
0.0 0.0 29.1
0.0 0.0 29.1
16.0 0.0 26.1
0.0 0.0 26.1
0.0 0.0 26.1
0.0 0.0 26.1
0.0 0.0 26.1
0.0 0.0 26.1
15.0 0.0 26.1
0.0 0.0 26.1
15.0 0.0 26.1
0.0 0.0 26.1
0.0 0.0 26.1
0.0 0.0 26.1
0.0 0.0 28.4
0.0 0.0 28.4
0.0 0.0 28.4
0.0 0.0 28.4
16.0 0.0 28.4
0.0 0.0 28.4
0.0 0.0 28.4
0.0 0.0 28.4
0.0 0.0 28.4
16.0 0.0 28.4
0.0 0.0 28.4
0.0 0.0 28.4
0.0 0.0 27.5
0.0 0.0 27.5
0.0 0.0 27.5
0.0 0.0 27.5
0.0 0.0 27.5
0.0 0.0 27.5
15.0 0.0 27.5
0.0 0.0 27.5
0.0 0.0 27.5
0.0 0.0 27.5
0.0 0.0 27.5
0.0 0.0 27.5
0.0 0.0 27.5
0.0 0.0 27.5
0.0 0.0 27.5
0.0 0.0 27.5
15.0 0.0 27.5
0.0 0.0 27.5
0.0 0.0 27.5
0.0 0.0 27.5
0.0 0.0 27.5
0.0 0.0 26.8
0.0 0.0 26.8
0.0 0.0 26.8
0.0 0.0 26.8
0.0 0.0 26.8
0.0 0.0 26.8
0.0 0.0 26.8
0.0 0.0 26.8
0.0 15.0 26.8
0.0 0.0 26.8
0.0 0.0 26.8
0.0 0.0 26.8
0.0 0.0 25.2
0.0 0.0 25.2
0.0 0.0 25.2
0.0 0.0 25.2
0.0 0.0 25.2
0.0 0.0 25.2
16.0 0.0 25.2
0.0 0.0 25.2
16.0 0.0 25.2
0.0 0.0 25.2
0.0 0.0 25.2
15.0 0.0 25.2
0.0 0.0 25.2
0.0 0.0 34.8
16.0 0.0 34.8
0.0 0.0 34.8
0.0 0.0 34.8
0.0 0.0 34.8
0.0 0.0 34.8
0.0 0.0 34.8
15.0 0.0 34.8
0.0 0.0 34.8
0.0 0.0 34.8
0.0 0.0 37.4
15.0 0.0 37.4
0.0 0.0 37.4
0.0 0.0 37.4
0.0 0.0 37.4
0.0 0.0 37.4
0.0 0.0 37.4
0.0 0.0 37.4
0.0 0.0 37.4
0.0 0.0 37.4
0.0 0.0 37.4
0.0 0.0 37.4
0.0 0.0 37.4
16.0 0.0 26.2
0.0 0.0 26.2
0.0 0.0 26.2
0.0 0.0 26.2
0.0 0.0 26.2
16.0 0.0 26.2
0.0 0.0 26.2
15.0 0.0 26.2
0.0 0.0 26.2
16.0 0.0 26.2
0.0 0.0 26.2
0.0 0.0 26.2
0.0 0.0 30.1
0.0 0.0 30.1
0.0 0.0 30.1
0.0 0.0 30.1
0.0 0.0 30.1
0.0 0.0 30.1
15.0 0.0 30.1
0.0 0.0 30.1
0.0 0.0 30.1
0.0 0.0 30.1
0.0 0.0 25.8
0.0 0.0 25.8
0.0 0.0 25.8
0.0 0.0 25.8
0.0 0.0 25.8
0.0 0.0 25.8
0.0 0.0 25.8
0.0 0.0 25.8
0.0 0.0 25.8
0.0 0.0 25.8
15.0 0.0 25.8
16.0 0.0 25.8
0.0 0.0 25.8
16.0 0.0 25.8
0.0 0.0 26.6
0.0 0.0 26.6
0.0 0.0 26.6
0.0 0.0 26.6
0.0 0.0 26.6
0.0 0.0 26.6
0.0 0.0 26.6
0.0 0.0 26.6
0.0 0.0 26.6
0.0 0.0 26.6
0.0 0.0 26.3
0.0 0.0 26.3
0.0 0.0 26.3
16.0 0.0 26.3
16.0 0.0 26.3
0.0 0.0 26.3
0.0 0.0 26.3
0.0 0.0 26.3
0.0 0.0 26.3
0.0 0.0 26.3
0.0 0.0 26.3
0.0 0.0 30.1
0.0 0.0 30.1
0.0 0.0 30.1
0.0 0.0 30.1
0.0 0.0 30.1
16.0 0.0 30.1
16.0 0.0 30.1
0.0 0.0 30.1
0.0 0.0 30.1
0.0 0.0 30.1
1.0 0.0 30.1
0.0 0.0 30.1
0.0 0.0 13.8
15.0 0.0 13.8
16.0 0.0 13.8
0.0 0.0 13.8
0.0 0.0 13.8
0.0 0.0 13.8
0.0 0.0 13.8
0.0 0.0 13.8
0.0 0.0 13.8
0.0 0.0 13.8
0.0 0.0 20.4
0.0 0.0 20.4
0.0 0.0 20.4
16.0 0.0 20.4
0.0 0.0 20.4
0.0 0.0 20.4
0.0 0.0 20.4
16.0 0.0 20.4
0.0 0.0 20.4
0.0 0.0 16.8
0.0 0.0 16.8
0.0 0.0 16.8
15.0 0.0 16.8
0.0 0.0 16.8
0.0 0.0 16.8
0.0 0.0 16.8
0.0 0.0 16.8
0.0 0.0 16.8
0.0 0.0 16.8
0.0 0.0 16.8
0.0 0.0 16.8
0.0 0.0 13.9
0.0 0.0 13.9
15.0 0.0 13.9
0.0 0.0 13.9
15.0 0.0 13.9
15.0 0.0 13.9
0.0 0.0 13.9
0.0 0.0 13.9
0.0 0.0 13.9
0.0 0.0 13.9
0.0 0.0 13.9
16.0 0.0 12.9
0.0 0.0 12.9
0.0 0.0 12.9
15.0 0.0 12.9
15.0 0.0 12.9
0.0 0.0 12.9
0.0 0.0 12.9
0.0 0.0 12.9
0.0 0.0 12.9
0.0 0.0 12.9
0.0 0.0 12.9
0.0 0.0 12.9
0.0 0.0 12.9
0.0 0.0 14.7
0.0 0.0 14.7
16.0 0.0 14.7
0.0 0.0 14.7
0.0 0.0 14.7
0.0 0.0 14.7
0.0 0.0 14.7
16.0 0.0 14.7
15.0 0.0 14.7
0.0 0.0 14.7
0.0 0.0 14.7
0.0 0.0 14.7
0.0 0.0 13.0
0.0 0.0 13.0
15.0 0.0 13.0
0.0 0.0 13.0
0.0 0.0 13.0
0.0 0.0 13.0
16.0 0.0 13.0
0.0 0.0 13.0
16.0 0.0 13.0
0.0 0.0 13.0
15.0 0.0 13.0
0.0 0.0 13.0
0.0 0.0 18.1
0.0 0.0 18.1
0.0 0.0 18.1
0.0 0.0 18.1
0.0 0.0 18.1
0.0 0.0 18.1
15.0 0.0 18.1
0.0 0.0 18.1
0.0 0.0 18.1
0.0 0.0 18.1
0.0 0.0 18.1
0.0 0.0 18.1
0.0 0.0 14.6
0.0 0.0 14.6
0.0 0.0 14.6
0.0 0.0 14.6
0.0 0.0 14.6
0.0 0.0 14.6
0.0 0.0 14.6
0.0 0.0 14.6
0.0 0.0 14.6
0.0 0.0 14.6
0.0 0.0 15.1
0.0 0.0 15.1
16.0 0.0 15.1
0.0 0.0 15.1
0.0 0.0 15.1
0.0 0.0 15.1
0.0 0.0 15.1
0.0 0.0 15.1
0.0 0.0 15.1
0.0 0.0 15.1
0.0 0.0 15.1
0.0 0.0 15.1
31.0 0.0 15.1
15.0 0.0 14.2
0.0 0.0 14.2
0.0 0.0 14.2
0.0 0.0 14.2
0.0 0.0 14.2
0.0 0.0 14.2
0.0 0.0 14.2
0.0 0.0 14.2
16.0 0.0 14.2
16.0 0.0 14.2
0.0 0.0 14.2
16.0 0.0 13.6
0.0 0.0 13.6
0.0 0.0 13.6
0.0 0.0 13.6
0.0 0.0 13.6
0.0 0.0 13.6
0.0 0.0 13.6
0.0 0.0 13.6
0.0 0.0 13.6
0.0 0.0 13.6
15.0 0.0 13.6
0.0 0.0 13.6
0.0 0.0 13.6
0.0 0.0 14.9
Numero de fallas:0
Prueba 7
T1 T2 %Carga
0.0 0.0 37.5
172.0 1.0 37.5
0.0 0.0 37.5
0.0 16.0 37.5
0.0 0.0 37.5
0.0 0.0 37.5
15.0 0.0 37.5
0.0 0.0 37.5
0.0 0.0 37.5
0.0 0.0 37.5
16.0 0.0 37.5
16.0 0.0 37.5
16.0 0.0 37.5
0.0 0.0 37.5
0.0 0.0 37.5
0.0 0.0 37.5
16.0 0.0 29.6
0.0 0.0 29.6
0.0 0.0 29.6
0.0 0.0 29.6
0.0 0.0 29.6
0.0 0.0 29.6
0.0 0.0 29.6
15.0 0.0 29.6
0.0 0.0 29.6
16.0 0.0 29.6
0.0 0.0 29.6
0.0 0.0 29.6
0.0 0.0 29.6
15.0 0.0 33.4
0.0 0.0 33.4
0.0 0.0 33.4
0.0 0.0 33.4
0.0 0.0 33.4
0.0 0.0 33.4
0.0 0.0 33.4
0.0 0.0 33.4
0.0 0.0 33.4
0.0 0.0 27.6
0.0 0.0 27.6
0.0 0.0 27.6
0.0 0.0 27.6
0.0 0.0 27.6
0.0 0.0 27.6
0.0 0.0 27.6
0.0 0.0 27.6
0.0 0.0 27.6
0.0 0.0 27.6
0.0 0.0 27.6
0.0 0.0 37.5
0.0 0.0 37.5
0.0 0.0 37.5
16.0 0.0 37.5
0.0 0.0 37.5
0.0 0.0 37.5
0.0 0.0 37.5
16.0 0.0 37.5
0.0 0.0 37.5
0.0 0.0 37.5
0.0 0.0 37.5
0.0 0.0 37.5
16.0 0.0 26.1
0.0 0.0 26.1
0.0 0.0 26.1
0.0 0.0 26.1
0.0 0.0 26.1
0.0 0.0 26.1
0.0 0.0 26.1
0.0 0.0 26.1
15.0 0.0 26.1
0.0 15.0 26.1
0.0 0.0 26.1
0.0 0.0 30.2
0.0 0.0 30.2
0.0 0.0 30.2
0.0 0.0 30.2
0.0 16.0 30.2
0.0 0.0 30.2
0.0 0.0 30.2
0.0 0.0 30.2
0.0 0.0 30.2
0.0 0.0 30.2
0.0 0.0 30.2
0.0 0.0 30.2
0.0 0.0 28.7
0.0 0.0 28.7
0.0 0.0 28.7
0.0 0.0 28.7
0.0 15.0 28.7
0.0 0.0 28.7
0.0 0.0 28.7
16.0 0.0 28.7
0.0 0.0 28.7
0.0 0.0 28.7
0.0 0.0 28.6
0.0 0.0 28.6
16.0 0.0 28.6
0.0 0.0 28.6
0.0 0.0 28.6
0.0 0.0 28.6
0.0 0.0 28.6
0.0 0.0 28.6
0.0 0.0 28.6
0.0 0.0 28.6
16.0 0.0 27.9
0.0 0.0 27.9
0.0 0.0 27.9
0.0 0.0 27.9
0.0 0.0 27.9
0.0 0.0 27.9
0.0 0.0 27.9
0.0 0.0 27.9
0.0 0.0 27.9
0.0 0.0 27.9
0.0 0.0 27.9
0.0 0.0 27.9
0.0 0.0 27.9
0.0 0.0 27.9
0.0 0.0 27.9
0.0 0.0 27.9
0.0 0.0 27.9
0.0 0.0 27.9
0.0 0.0 27.9
0.0 0.0 27.9
0.0 0.0 27.9
0.0 0.0 27.9
0.0 0.0 25.0
0.0 0.0 25.0
0.0 0.0 25.0
0.0 0.0 25.0
0.0 0.0 25.0
0.0 0.0 25.0
15.0 0.0 25.0
0.0 0.0 25.0
0.0 0.0 25.0
16.0 0.0 25.0
0.0 0.0 25.0
0.0 0.0 29.1
0.0 0.0 29.1
0.0 0.0 29.1
0.0 15.0 29.1
15.0 0.0 29.1
0.0 0.0 29.1
0.0 0.0 29.1
0.0 0.0 29.1
0.0 0.0 29.1
0.0 0.0 29.1
0.0 0.0 29.1
0.0 0.0 29.1
0.0 0.0 36.9
0.0 0.0 36.9
0.0 0.0 36.9
15.0 0.0 36.9
0.0 0.0 36.9
0.0 0.0 36.9
0.0 0.0 36.9
0.0 0.0 36.9
0.0 0.0 36.9
0.0 0.0 36.9
0.0 0.0 36.9
0.0 0.0 36.9
0.0 0.0 36.9
0.0 0.0 31.0
0.0 0.0 31.0
0.0 0.0 31.0
16.0 0.0 31.0
0.0 0.0 31.0
0.0 0.0 31.0
0.0 0.0 31.0
0.0 0.0 31.0
0.0 0.0 31.0
0.0 0.0 31.0
0.0 0.0 31.0
0.0 0.0 31.0
0.0 0.0 31.0
0.0 0.0 31.9
0.0 0.0 31.9
0.0 0.0 31.9
0.0 0.0 31.9
15.0 0.0 31.9
0.0 0.0 31.9
0.0 0.0 31.9
0.0 0.0 31.9
0.0 0.0 31.9
0.0 0.0 31.9
16.0 0.0 31.9
0.0 0.0 31.9
0.0 0.0 31.9
15.0 0.0 31.0
0.0 0.0 31.0
15.0 0.0 31.0
0.0 0.0 31.0
15.0 0.0 31.0
0.0 0.0 31.0
0.0 0.0 31.0
15.0 0.0 31.0
16.0 0.0 31.0
0.0 0.0 31.0
0.0 0.0 31.0
16.0 0.0 31.0
16.0 0.0 29.6
0.0 0.0 29.6
0.0 0.0 29.6
0.0 0.0 29.6
0.0 0.0 29.6
0.0 0.0 29.6
16.0 0.0 29.6
16.0 0.0 29.6
0.0 0.0 29.6
0.0 0.0 25.8
0.0 0.0 25.8
0.0 0.0 25.8
16.0 0.0 25.8
16.0 0.0 25.8
0.0 0.0 25.8
0.0 0.0 25.8
0.0 0.0 25.8
0.0 0.0 25.8
0.0 0.0 25.8
0.0 0.0 25.8
0.0 0.0 25.8
0.0 0.0 25.1
15.0 0.0 25.1
0.0 0.0 25.1
0.0 0.0 25.1
0.0 0.0 25.1
0.0 0.0 25.1
0.0 0.0 25.1
15.0 0.0 25.1
0.0 0.0 25.1
0.0 0.0 25.1
15.0 0.0 25.1
0.0 0.0 25.1
0.0 0.0 25.1
0.0 0.0 20.4
16.0 0.0 20.4
0.0 0.0 20.4
0.0 0.0 20.4
0.0 0.0 20.4
0.0 0.0 20.4
0.0 0.0 20.4
0.0 0.0 20.4
0.0 0.0 20.4
0.0 0.0 20.4
0.0 0.0 20.4
0.0 0.0 20.4
0.0 0.0 29.1
0.0 0.0 29.1
0.0 0.0 29.1
0.0 0.0 29.1
15.0 0.0 29.1
0.0 0.0 29.1
16.0 0.0 29.1
0.0 0.0 29.1
0.0 0.0 29.1
16.0 0.0 29.1
0.0 0.0 29.1
15.0 0.0 29.1
0.0 0.0 21.8
0.0 0.0 21.8
0.0 0.0 21.8
0.0 0.0 21.8
16.0 0.0 21.8
0.0 0.0 21.8
0.0 0.0 21.8
0.0 0.0 21.8
16.0 0.0 21.8
0.0 0.0 21.8
0.0 0.0 21.8
0.0 0.0 21.8
0.0 0.0 21.8
0.0 0.0 20.8
0.0 0.0 20.8
0.0 0.0 20.8
16.0 0.0 20.8
0.0 0.0 20.8
0.0 0.0 20.8
0.0 15.0 20.8
0.0 0.0 20.8
0.0 0.0 20.8
0.0 0.0 20.8
0.0 0.0 20.8
0.0 0.0 20.8
0.0 0.0 20.8
16.0 0.0 18.8
0.0 0.0 18.8
0.0 0.0 18.8
0.0 0.0 18.8
0.0 0.0 18.8
0.0 0.0 18.8
0.0 0.0 18.8
0.0 0.0 18.8
0.0 0.0 18.8
0.0 0.0 18.8
0.0 0.0 18.8
0.0 0.0 18.8
0.0 0.0 14.4
0.0 0.0 14.4
0.0 0.0 14.4
0.0 0.0 14.4
0.0 0.0 14.4
0.0 0.0 14.4
16.0 0.0 14.4
0.0 0.0 14.4
0.0 0.0 13.8
16.0 0.0 13.8
0.0 0.0 13.8
0.0 0.0 13.8
0.0 0.0 13.8
0.0 0.0 13.8
0.0 0.0 13.8
0.0 0.0 13.8
0.0 0.0 13.8
0.0 0.0 13.8
0.0 0.0 13.8
15.0 0.0 13.8
0.0 0.0 15.3
0.0 0.0 15.3
0.0 0.0 15.3
16.0 0.0 15.3
0.0 0.0 15.3
0.0 0.0 15.3
0.0 0.0 15.3
0.0 0.0 15.3
0.0 0.0 15.3
0.0 0.0 15.3
0.0 0.0 15.3
0.0 0.0 15.6
16.0 0.0 15.6
0.0 0.0 15.6
0.0 0.0 15.6
0.0 0.0 15.6
0.0 0.0 15.6
16.0 0.0 15.6
0.0 15.0 15.6
0.0 0.0 15.6
16.0 0.0 15.6
0.0 0.0 15.6
0.0 0.0 15.6
0.0 0.0 15.4
0.0 0.0 15.4
0.0 0.0 15.4
0.0 0.0 15.4
0.0 0.0 15.4
0.0 0.0 15.4
0.0 16.0 15.4
16.0 0.0 15.4
0.0 0.0 15.4
16.0 0.0 15.4
16.0 0.0 12.8
16.0 0.0 12.8
0.0 0.0 12.8
0.0 0.0 12.8
0.0 0.0 12.8
0.0 0.0 12.8
0.0 0.0 12.8
0.0 0.0 12.8
0.0 0.0 12.8
0.0 0.0 12.8
16.0 0.0 12.8
16.0 0.0 13.7
0.0 0.0 13.7
15.0 0.0 13.7
0.0 16.0 13.7
0.0 0.0 13.7
0.0 0.0 13.7
0.0 0.0 13.7
0.0 0.0 13.7
15.0 0.0 13.7
0.0 0.0 13.7
0.0 0.0 13.7
0.0 0.0 13.7
0.0 0.0 13.7
0.0 0.0 13.7
0.0 0.0 13.7
0.0 0.0 13.7
0.0 0.0 13.7
0.0 0.0 13.7
0.0 0.0 13.7
0.0 0.0 13.7
0.0 0.0 13.7
0.0 0.0 13.7
0.0 0.0 13.7
0.0 0.0 13.7
16.0 0.0 13.8
0.0 0.0 13.8
0.0 0.0 13.8
0.0 0.0 13.8
0.0 0.0 13.8
0.0 0.0 13.8
16.0 0.0 13.8
0.0 0.0 13.8
0.0 0.0 13.8
0.0 0.0 13.8
0.0 0.0 13.8
0.0 0.0 13.8
0.0 0.0 13.8
0.0 0.0 13.8
0.0 0.0 17.6
0.0 0.0 17.6
Numero de fallas:0
Prueba 8
T1 T2 %Carga
0.0 0.0 25.0
16.0 0.0 25.0
187.0 15.0 25.0
0.0 0.0 25.0
0.0 16.0 25.0
0.0 0.0 25.0
0.0 0.0 25.0
0.0 0.0 25.0
0.0 0.0 25.0
0.0 0.0 25.0
0.0 0.0 25.0
15.0 0.0 25.0
16.0 0.0 25.0
0.0 0.0 25.0
0.0 0.0 25.0
0.0 0.0 25.0
0.0 0.0 25.0
0.0 0.0 25.0
0.0 0.0 25.0
0.0 0.0 25.0
0.0 0.0 25.0
15.0 0.0 30.5
0.0 0.0 30.5
0.0 0.0 30.5
0.0 0.0 30.5
0.0 0.0 30.5
0.0 0.0 30.5
0.0 0.0 30.5
0.0 0.0 30.5
0.0 0.0 30.5
0.0 0.0 30.5
0.0 0.0 30.5
0.0 0.0 30.5
15.0 0.0 28.3
16.0 0.0 28.3
0.0 0.0 28.3
0.0 0.0 28.3
0.0 0.0 28.3
0.0 0.0 28.3
0.0 16.0 28.3
0.0 0.0 28.3
0.0 0.0 28.3
0.0 0.0 28.3
0.0 0.0 28.3
0.0 0.0 28.3
16.0 0.0 28.3
0.0 0.0 28.3
0.0 0.0 34.0
0.0 0.0 34.0
0.0 0.0 34.0
0.0 0.0 34.0
0.0 0.0 34.0
0.0 0.0 34.0
0.0 0.0 34.0
0.0 0.0 34.0
0.0 0.0 34.0
16.0 0.0 34.0
0.0 0.0 34.0
0.0 0.0 26.7
0.0 0.0 26.7
0.0 0.0 26.7
0.0 0.0 26.7
0.0 0.0 26.7
0.0 0.0 26.7
0.0 0.0 26.7
0.0 0.0 26.7
0.0 0.0 26.7
0.0 0.0 26.7
0.0 0.0 26.7
0.0 0.0 34.8
16.0 0.0 34.8
0.0 0.0 34.8
0.0 0.0 34.8
0.0 0.0 34.8
0.0 15.0 34.8
0.0 0.0 34.8
0.0 0.0 34.8
0.0 0.0 34.8
0.0 0.0 34.8
0.0 0.0 28.5
0.0 0.0 28.5
0.0 0.0 28.5
0.0 0.0 28.5
0.0 0.0 28.5
0.0 0.0 28.5
0.0 0.0 28.5
0.0 0.0 28.5
0.0 0.0 28.5
0.0 0.0 28.5
0.0 0.0 28.5
0.0 16.0 27.2
0.0 0.0 27.2
1.0 0.0 27.2
0.0 0.0 27.2
0.0 0.0 27.2
16.0 0.0 27.2
0.0 0.0 27.2
0.0 0.0 27.2
0.0 0.0 27.2
0.0 0.0 27.2
0.0 0.0 27.2
0.0 0.0 27.2
0.0 15.0 26.4
0.0 0.0 26.4
0.0 0.0 26.4
16.0 0.0 26.4
0.0 0.0 26.4
0.0 0.0 26.4
0.0 0.0 26.4
0.0 0.0 26.4
0.0 0.0 26.4
0.0 0.0 26.4
0.0 0.0 26.4
0.0 0.0 26.4
15.0 0.0 30.1
0.0 0.0 30.1
0.0 0.0 30.1
0.0 0.0 30.1
0.0 0.0 30.1
0.0 0.0 30.1
0.0 0.0 30.1
0.0 0.0 30.1
0.0 0.0 30.1
0.0 0.0 30.1
16.0 0.0 30.1
16.0 0.0 30.1
0.0 0.0 30.1
0.0 0.0 30.1
0.0 0.0 28.4
15.0 0.0 28.4
0.0 0.0 28.4
0.0 0.0 28.4
0.0 0.0 28.4
0.0 0.0 28.4
0.0 0.0 28.4
0.0 0.0 28.4
15.0 0.0 28.4
0.0 0.0 28.4
0.0 0.0 28.4
0.0 0.0 25.4
0.0 0.0 25.4
1.0 0.0 25.4
0.0 0.0 25.4
0.0 0.0 25.4
0.0 0.0 25.4
0.0 0.0 25.4
0.0 0.0 25.4
0.0 0.0 25.4
0.0 0.0 25.4
0.0 0.0 25.4
0.0 0.0 29.9
0.0 0.0 29.9
0.0 0.0 29.9
0.0 0.0 29.9
0.0 0.0 29.9
0.0 0.0 29.9
0.0 0.0 29.9
0.0 0.0 29.9
0.0 0.0 29.9
0.0 0.0 29.9
0.0 0.0 26.6
0.0 0.0 26.6
0.0 0.0 26.6
16.0 15.0 26.6
0.0 0.0 26.6
16.0 0.0 26.6
0.0 0.0 26.6
0.0 0.0 26.6
0.0 0.0 26.6
0.0 0.0 26.6
0.0 0.0 26.6
0.0 0.0 26.8
0.0 0.0 26.8
0.0 0.0 26.8
1.0 0.0 26.8
0.0 0.0 26.8
0.0 0.0 26.8
0.0 0.0 26.8
0.0 0.0 26.8
0.0 0.0 26.8
0.0 0.0 26.8
0.0 0.0 26.8
0.0 0.0 26.8
0.0 0.0 26.8
0.0 0.0 26.8
0.0 0.0 26.8
0.0 0.0 25.8
0.0 0.0 25.8
0.0 0.0 25.8
0.0 0.0 25.8
0.0 0.0 25.8
0.0 0.0 25.8
0.0 0.0 25.8
0.0 0.0 25.8
0.0 0.0 25.8
0.0 0.0 25.8
0.0 0.0 25.8
0.0 0.0 25.8
0.0 0.0 25.8
16.0 0.0 32.1
0.0 0.0 32.1
0.0 0.0 32.1
0.0 0.0 32.1
0.0 0.0 32.1
0.0 0.0 32.1
0.0 0.0 32.1
0.0 0.0 32.1
1.0 0.0 32.1
0.0 0.0 32.1
0.0 0.0 32.1
15.0 0.0 32.1
0.0 0.0 25.2
0.0 0.0 25.2
16.0 0.0 25.2
0.0 0.0 25.2
0.0 0.0 25.2
0.0 0.0 25.2
0.0 0.0 25.2
0.0 0.0 25.2
0.0 0.0 25.2
0.0 0.0 25.2
0.0 0.0 25.2
0.0 0.0 25.2
0.0 0.0 26.1
0.0 0.0 26.1
0.0 0.0 26.1
0.0 0.0 26.1
0.0 0.0 26.1
0.0 0.0 26.1
16.0 0.0 26.1
0.0 0.0 26.1
0.0 0.0 26.1
16.0 0.0 26.1
0.0 0.0 26.1
0.0 0.0 26.1
0.0 0.0 26.1
0.0 0.0 26.1
0.0 0.0 26.3
0.0 0.0 26.3
0.0 0.0 26.3
0.0 0.0 26.3
0.0 0.0 26.3
16.0 0.0 26.3
0.0 0.0 26.3
0.0 0.0 26.3
0.0 0.0 26.3
0.0 0.0 26.3
15.0 0.0 26.3
0.0 0.0 26.3
0.0 0.0 26.3
0.0 0.0 34.2
0.0 0.0 34.2
0.0 0.0 34.2
0.0 0.0 34.2
0.0 0.0 34.2
16.0 0.0 34.2
0.0 0.0 34.2
0.0 0.0 34.2
0.0 0.0 34.2
0.0 0.0 34.2
0.0 0.0 34.2
0.0 0.0 34.2
0.0 0.0 37.3
16.0 0.0 37.3
16.0 0.0 37.3
0.0 0.0 37.3
0.0 0.0 37.3
0.0 0.0 37.3
0.0 0.0 37.3
0.0 0.0 37.3
0.0 0.0 37.3
0.0 0.0 37.3
0.0 0.0 37.3
0.0 0.0 26.4
0.0 0.0 26.4
0.0 0.0 26.4
0.0 0.0 26.4
0.0 0.0 26.4
0.0 0.0 26.4
0.0 0.0 26.4
0.0 0.0 26.4
0.0 0.0 26.4
0.0 0.0 26.4
0.0 0.0 26.4
0.0 0.0 26.4
0.0 0.0 13.0
0.0 0.0 13.0
0.0 0.0 13.0
0.0 0.0 13.0
0.0 0.0 13.0
0.0 0.0 13.0
0.0 0.0 13.0
15.0 0.0 13.0
16.0 0.0 13.0
0.0 0.0 13.0
0.0 0.0 13.0
0.0 0.0 13.6
0.0 0.0 13.6
16.0 0.0 13.6
0.0 0.0 13.6
0.0 0.0 13.6
0.0 0.0 13.6
0.0 0.0 13.6
0.0 0.0 13.6
15.0 0.0 13.6
0.0 0.0 13.6
0.0 0.0 13.6
1.0 0.0 13.6
0.0 0.0 13.6
0.0 0.0 13.3
0.0 0.0 13.3
0.0 0.0 13.3
16.0 0.0 13.3
0.0 0.0 13.3
0.0 0.0 13.3
0.0 0.0 13.3
0.0 0.0 13.3
0.0 0.0 13.3
0.0 0.0 13.3
0.0 0.0 13.3
0.0 0.0 14.7
0.0 0.0 14.7
0.0 0.0 14.7
0.0 0.0 14.7
0.0 0.0 14.7
0.0 0.0 14.7
0.0 0.0 14.7
0.0 0.0 14.7
0.0 0.0 14.7
0.0 0.0 14.7
16.0 0.0 15.4
0.0 0.0 15.4
15.0 0.0 15.4
0.0 0.0 15.4
0.0 0.0 15.4
0.0 16.0 15.4
0.0 0.0 15.4
15.0 0.0 15.4
0.0 0.0 15.4
0.0 0.0 15.4
0.0 0.0 15.4
0.0 0.0 25.0
0.0 0.0 25.0
0.0 0.0 25.0
0.0 0.0 25.0
15.0 0.0 25.0
0.0 0.0 25.0
0.0 0.0 25.0
15.0 0.0 25.0
0.0 0.0 25.0
0.0 0.0 25.0
16.0 0.0 25.0
0.0 0.0 25.0
0.0 0.0 13.6
0.0 0.0 13.6
0.0 0.0 13.6
16.0 0.0 13.6
0.0 0.0 13.6
0.0 0.0 13.6
0.0 0.0 13.6
0.0 0.0 13.6
0.0 0.0 13.6
0.0 0.0 13.6
0.0 0.0 15.1
0.0 0.0 15.1
0.0 0.0 15.1
0.0 0.0 15.1
0.0 0.0 15.1
0.0 0.0 15.1
0.0 0.0 15.1
0.0 0.0 15.1
0.0 0.0 15.1
0.0 0.0 15.1
16.0 0.0 13.7
0.0 0.0 13.7
0.0 0.0 13.7
0.0 0.0 13.7
0.0 0.0 13.7
0.0 0.0 13.7
0.0 0.0 13.7
0.0 0.0 13.7
0.0 0.0 13.7
0.0 0.0 13.7
0.0 0.0 13.7
0.0 0.0 13.7
0.0 0.0 13.7
0.0 0.0 14.3
0.0 0.0 14.3
0.0 0.0 14.3
0.0 0.0 14.3
0.0 0.0 14.3
0.0 0.0 14.3
0.0 0.0 14.3
0.0 0.0 14.3
0.0 0.0 14.3
0.0 0.0 14.3
0.0 0.0 14.3
0.0 0.0 14.3
0.0 0.0 14.3
0.0 0.0 12.3
Numero de fallas:0
Prueba 9
T1 T2 %Carga
0.0 0.0 0.0
1.0 0.0 0.0
172.0 16.0 0.0
0.0 0.0 0.0
15.0 0.0 0.0
0.0 0.0 0.0
0.0 0.0 0.0
0.0 0.0 0.0
0.0 0.0 0.0
0.0 0.0 0.0
0.0 0.0 0.0
0.0 0.0 0.0
16.0 0.0 0.0
0.0 0.0 0.0
0.0 0.0 0.0
0.0 0.0 0.0
0.0 0.0 0.0
0.0 0.0 0.0
0.0 0.0 30.4
0.0 0.0 30.4
0.0 0.0 30.4
0.0 0.0 30.4
0.0 0.0 30.4
0.0 0.0 30.4
0.0 0.0 30.4
0.0 0.0 30.4
0.0 0.0 30.4
0.0 0.0 30.4
0.0 0.0 30.4
0.0 0.0 28.0
0.0 0.0 28.0
16.0 0.0 28.0
0.0 0.0 28.0
16.0 0.0 28.0
0.0 0.0 28.0
0.0 0.0 28.0
0.0 0.0 28.0
16.0 0.0 28.0
0.0 0.0 28.0
0.0 0.0 26.7
0.0 0.0 26.7
16.0 0.0 26.7
0.0 0.0 26.7
0.0 0.0 26.7
0.0 0.0 26.7
0.0 0.0 26.7
0.0 0.0 26.7
0.0 0.0 26.7
0.0 0.0 26.7
0.0 0.0 26.7
0.0 0.0 26.6
0.0 0.0 26.6
0.0 0.0 26.6
0.0 0.0 26.6
0.0 0.0 26.6
0.0 0.0 26.6
0.0 16.0 26.6
0.0 0.0 26.6
0.0 0.0 26.6
0.0 0.0 26.6
0.0 0.0 26.6
0.0 0.0 20.8
0.0 0.0 20.8
0.0 0.0 20.8
0.0 0.0 20.8
0.0 0.0 20.8
0.0 0.0 20.8
0.0 0.0 20.8
0.0 0.0 20.8
0.0 0.0 20.8
0.0 0.0 20.8
16.0 0.0 20.8
15.0 0.0 41.6
0.0 0.0 41.6
0.0 0.0 41.6
0.0 0.0 41.6
0.0 0.0 41.6
0.0 0.0 41.6
0.0 0.0 41.6
0.0 0.0 41.6
0.0 0.0 41.6
0.0 0.0 41.6
16.0 0.0 41.6
0.0 0.0 41.6
0.0 0.0 41.6
0.0 0.0 41.6
0.0 0.0 41.6
0.0 0.0 31.2
0.0 0.0 31.2
0.0 0.0 31.2
16.0 0.0 31.2
0.0 0.0 31.2
0.0 0.0 31.2
0.0 0.0 31.2
0.0 0.0 31.2
0.0 0.0 31.2
0.0 0.0 31.2
0.0 0.0 31.2
0.0 0.0 31.2
0.0 0.0 31.2
0.0 0.0 31.2
0.0 0.0 28.3
0.0 0.0 28.3
15.0 0.0 28.3
0.0 0.0 28.3
0.0 0.0 28.3
0.0 0.0 28.3
15.0 0.0 28.3
0.0 0.0 28.3
0.0 0.0 28.3
15.0 0.0 28.3
0.0 0.0 28.3
16.0 0.0 28.3
0.0 0.0 24.8
0.0 0.0 24.8
0.0 0.0 24.8
0.0 0.0 24.8
0.0 0.0 24.8
0.0 0.0 24.8
0.0 0.0 24.8
15.0 0.0 24.8
0.0 0.0 24.8
0.0 0.0 24.8
15.0 0.0 24.8
0.0 0.0 21.6
0.0 0.0 21.6
0.0 0.0 21.6
0.0 0.0 21.6
0.0 0.0 21.6
0.0 0.0 21.6
0.0 0.0 21.6
0.0 0.0 21.6
0.0 0.0 21.6
0.0 0.0 22.5
0.0 0.0 22.5
0.0 0.0 22.5
15.0 0.0 22.5
0.0 0.0 22.5
0.0 0.0 22.5
0.0 0.0 22.5
0.0 0.0 22.5
0.0 0.0 22.5
0.0 0.0 22.5
0.0 0.0 16.5
0.0 0.0 16.5
16.0 0.0 16.5
0.0 0.0 16.5
15.0 0.0 16.5
0.0 0.0 16.5
0.0 0.0 16.5
0.0 0.0 16.5
0.0 0.0 16.5
0.0 0.0 16.5
0.0 0.0 27.1
0.0 0.0 27.1
0.0 0.0 27.1
0.0 0.0 27.1
0.0 0.0 27.1
0.0 0.0 27.1
0.0 0.0 27.1
0.0 0.0 27.1
0.0 0.0 27.1
0.0 0.0 27.1
0.0 0.0 27.1
0.0 0.0 28.4
15.0 0.0 28.4
0.0 0.0 28.4
0.0 0.0 28.4
0.0 0.0 28.4
0.0 0.0 28.4
0.0 0.0 28.4
0.0 0.0 28.4
0.0 0.0 28.4
0.0 0.0 28.4
0.0 0.0 28.4
0.0 15.0 28.4
0.0 16.0 28.4
0.0 0.0 28.4
0.0 0.0 29.1
0.0 0.0 29.1
16.0 0.0 29.1
0.0 0.0 29.1
0.0 0.0 29.1
0.0 0.0 29.1
0.0 0.0 29.1
0.0 0.0 29.1
0.0 0.0 29.1
0.0 0.0 29.1
0.0 0.0 29.1
0.0 0.0 29.1
0.0 0.0 29.1
0.0 0.0 27.9
0.0 0.0 27.9
16.0 0.0 27.9
0.0 0.0 27.9
0.0 0.0 27.9
0.0 0.0 27.9
1.0 0.0 27.9
0.0 0.0 27.9
16.0 0.0 27.9
0.0 0.0 27.9
0.0 0.0 27.9
0.0 0.0 27.9
0.0 0.0 27.9
0.0 0.0 27.9
0.0 0.0 27.9
16.0 0.0 27.9
0.0 0.0 27.9
0.0 0.0 27.9
0.0 0.0 27.9
0.0 0.0 27.9
0.0 0.0 27.9
0.0 0.0 27.9
0.0 0.0 27.9
0.0 0.0 27.9
0.0 0.0 27.9
0.0 0.0 25.8
0.0 0.0 25.8
0.0 0.0 25.8
0.0 0.0 25.8
0.0 0.0 25.8
0.0 0.0 25.8
31.0 0.0 25.8
0.0 0.0 25.8
0.0 0.0 25.8
0.0 0.0 25.8
0.0 0.0 25.8
0.0 0.0 28.4
0.0 0.0 28.4
0.0 0.0 28.4
0.0 0.0 28.4
0.0 0.0 28.4
0.0 0.0 28.4
0.0 0.0 28.4
0.0 0.0 28.4
0.0 0.0 28.4
0.0 0.0 28.4
0.0 0.0 28.4
0.0 0.0 28.4
0.0 0.0 37.5
0.0 0.0 37.5
0.0 0.0 37.5
0.0 0.0 37.5
15.0 0.0 37.5
0.0 0.0 37.5
0.0 0.0 37.5
0.0 0.0 37.5
0.0 0.0 37.5
0.0 0.0 37.5
0.0 0.0 37.5
0.0 0.0 37.5
0.0 0.0 37.5
0.0 0.0 37.5
0.0 0.0 37.5
0.0 0.0 37.5
0.0 0.0 28.2
0.0 0.0 28.2
0.0 0.0 28.2
0.0 0.0 28.2
0.0 0.0 28.2
0.0 0.0 28.2
0.0 0.0 28.2
0.0 0.0 28.2
16.0 0.0 28.2
0.0 0.0 28.2
0.0 0.0 28.2
0.0 0.0 28.2
0.0 0.0 28.2
0.0 0.0 18.7
0.0 0.0 18.7
0.0 0.0 18.7
0.0 0.0 18.7
0.0 0.0 18.7
0.0 15.0 18.7
0.0 0.0 18.7
0.0 0.0 18.7
0.0 0.0 18.7
0.0 0.0 18.7
0.0 0.0 18.7
0.0 0.0 18.7
0.0 0.0 18.7
0.0 0.0 18.7
0.0 0.0 18.7
0.0 0.0 21.6
0.0 0.0 21.6
0.0 0.0 21.6
0.0 0.0 21.6
0.0 0.0 21.6
0.0 0.0 21.6
0.0 0.0 21.6
0.0 0.0 21.6
0.0 0.0 21.6
0.0 0.0 21.6
0.0 0.0 21.6
0.0 0.0 21.6
0.0 0.0 21.6
0.0 0.0 21.6
0.0 0.0 16.6
0.0 0.0 16.6
0.0 0.0 16.6
0.0 0.0 16.6
0.0 0.0 16.6
16.0 0.0 16.6
0.0 0.0 16.6
0.0 0.0 16.6
0.0 0.0 16.6
0.0 0.0 16.6
16.0 0.0 16.6
0.0 0.0 14.5
0.0 0.0 14.5
0.0 0.0 14.5
0.0 0.0 14.5
0.0 0.0 14.5
16.0 0.0 14.5
0.0 0.0 14.5
0.0 0.0 14.5
0.0 0.0 14.5
0.0 0.0 14.5
0.0 0.0 14.5
0.0 0.0 14.5
0.0 0.0 14.5
0.0 0.0 14.5
0.0 0.0 14.8
0.0 0.0 14.8
0.0 0.0 14.8
0.0 0.0 14.8
0.0 0.0 14.8
0.0 0.0 14.8
0.0 0.0 14.8
0.0 0.0 14.8
0.0 0.0 14.8
0.0 0.0 14.8
0.0 0.0 14.8
0.0 0.0 14.8
0.0 0.0 14.8
0.0 0.0 14.8
0.0 0.0 14.5
15.0 0.0 14.5
16.0 0.0 14.5
0.0 0.0 14.5
0.0 0.0 14.5
0.0 0.0 14.5
0.0 0.0 14.5
0.0 0.0 14.5
0.0 0.0 14.5
0.0 0.0 14.5
0.0 0.0 14.5
0.0 0.0 14.5
0.0 0.0 14.5
0.0 0.0 14.5
0.0 0.0 18.5
16.0 0.0 18.5
0.0 0.0 18.5
1.0 0.0 18.5
0.0 0.0 18.5
1.0 16.0 18.5
0.0 0.0 18.5
0.0 0.0 18.5
0.0 0.0 18.5
16.0 0.0 18.5
0.0 0.0 18.5
0.0 0.0 18.5
0.0 0.0 11.4
0.0 0.0 11.4
0.0 0.0 11.4
0.0 0.0 11.4
0.0 0.0 11.4
16.0 0.0 11.4
0.0 0.0 11.4
0.0 0.0 11.4
0.0 0.0 11.4
15.0 0.0 11.4
0.0 0.0 11.4
0.0 0.0 19.1
0.0 0.0 19.1
0.0 0.0 19.1
0.0 0.0 19.1
0.0 0.0 19.1
0.0 0.0 19.1
1.0 1.0 19.1
2.0 0.0 19.1
0.0 0.0 19.1
0.0 0.0 19.1
0.0 0.0 19.1
0.0 0.0 17.4
0.0 0.0 17.4
16.0 0.0 17.4
0.0 0.0 17.4
0.0 0.0 17.4
0.0 0.0 17.4
0.0 0.0 17.4
0.0 0.0 17.4
15.0 0.0 17.4
15.0 0.0 17.4
0.0 0.0 17.4
16.0 0.0 17.4
0.0 0.0 17.4
0.0 0.0 17.4
31.0 0.0 17.4
0.0 0.0 17.4
Numero de fallas:0
Prueba 10
T1 T2 %Carga
0.0 0.0 24.9
0.0 0.0 24.9
0.0 16.0 24.9
0.0 0.0 24.9
15.0 0.0 24.9
15.0 0.0 24.9
0.0 0.0 24.9
0.0 0.0 24.9
0.0 0.0 24.9
0.0 0.0 24.9
0.0 0.0 24.9
0.0 0.0 24.9
0.0 0.0 24.9
0.0 0.0 24.9
0.0 0.0 24.9
171.0 16.0 24.9
15.0 0.0 24.9
0.0 0.0 24.9
0.0 0.0 24.9
0.0 0.0 24.9
0.0 0.0 24.9
15.0 0.0 33.3
0.0 0.0 33.3
0.0 0.0 33.3
0.0 0.0 33.3
0.0 0.0 33.3
0.0 0.0 33.3
0.0 0.0 33.3
0.0 0.0 33.3
0.0 0.0 33.3
0.0 0.0 33.3
0.0 0.0 33.3
0.0 0.0 24.1
0.0 0.0 24.1
0.0 0.0 24.1
16.0 0.0 24.1
0.0 0.0 24.1
0.0 0.0 24.1
0.0 15.0 24.1
0.0 0.0 24.1
0.0 0.0 24.1
0.0 0.0 23.9
0.0 0.0 23.9
0.0 0.0 23.9
0.0 0.0 23.9
0.0 0.0 23.9
0.0 0.0 23.9
0.0 0.0 23.9
0.0 0.0 23.9
0.0 0.0 23.9
0.0 0.0 23.9
0.0 0.0 23.9
0.0 0.0 23.9
0.0 0.0 23.9
0.0 0.0 31.1
0.0 0.0 31.1
0.0 0.0 31.1
0.0 0.0 31.1
0.0 0.0 31.1
0.0 0.0 31.1
0.0 0.0 31.1
0.0 0.0 31.1
0.0 0.0 31.1
15.0 0.0 31.1
0.0 0.0 31.1
0.0 0.0 31.1
0.0 0.0 38.1
0.0 0.0 38.1
1.0 16.0 38.1
0.0 0.0 38.1
16.0 0.0 38.1
0.0 0.0 38.1
0.0 0.0 38.1
0.0 0.0 38.1
15.0 0.0 38.1
0.0 0.0 38.1
15.0 0.0 38.1
0.0 0.0 28.5
0.0 0.0 28.5
0.0 0.0 28.5
0.0 0.0 28.5
16.0 0.0 28.5
15.0 0.0 28.5
0.0 0.0 28.5
0.0 0.0 28.5
16.0 0.0 28.5
0.0 0.0 28.5
0.0 0.0 28.5
0.0 0.0 29.5
16.0 0.0 29.5
0.0 0.0 29.5
0.0 0.0 29.5
0.0 0.0 29.5
0.0 0.0 29.5
0.0 0.0 29.5
0.0 0.0 29.5
16.0 0.0 29.5
0.0 0.0 29.5
0.0 0.0 29.5
0.0 0.0 29.5
0.0 0.0 29.5
0.0 0.0 29.5
16.0 0.0 27.4
0.0 0.0 27.4
16.0 0.0 27.4
0.0 0.0 27.4
16.0 0.0 27.4
0.0 0.0 27.4
0.0 0.0 27.4
16.0 0.0 27.4
0.0 0.0 27.4
0.0 16.0 27.4
0.0 0.0 27.4
1.0 0.0 22.3
0.0 0.0 22.3
0.0 0.0 22.3
0.0 0.0 22.3
0.0 0.0 22.3
0.0 0.0 22.3
0.0 0.0 22.3
0.0 0.0 22.3
0.0 0.0 22.3
0.0 0.0 22.3
0.0 0.0 22.3
15.0 0.0 25.7
0.0 0.0 25.7
0.0 0.0 25.7
0.0 0.0 25.7
0.0 0.0 25.7
0.0 0.0 25.7
0.0 0.0 25.7
0.0 0.0 25.7
0.0 0.0 25.7
0.0 0.0 25.7
0.0 0.0 25.7
0.0 0.0 25.7
0.0 0.0 25.7
0.0 0.0 25.2
0.0 0.0 25.2
0.0 0.0 25.2
15.0 0.0 25.2
0.0 0.0 25.2
0.0 0.0 25.2
0.0 0.0 25.2
0.0 0.0 25.2
0.0 0.0 25.2
0.0 0.0 25.2
0.0 0.0 25.2
0.0 0.0 27.6
0.0 0.0 27.6
0.0 0.0 27.6
0.0 0.0 27.6
0.0 0.0 27.6
0.0 0.0 27.6
0.0 0.0 27.6
0.0 0.0 27.6
0.0 0.0 27.6
1.0 0.0 27.6
0.0 0.0 27.8
0.0 0.0 27.8
15.0 0.0 27.8
0.0 0.0 27.8
0.0 0.0 27.8
0.0 0.0 27.8
0.0 0.0 27.8
0.0 0.0 27.8
0.0 0.0 27.8
0.0 0.0 26.6
0.0 0.0 26.6
0.0 0.0 26.6
0.0 0.0 26.6
0.0 0.0 26.6
0.0 0.0 26.6
0.0 0.0 26.6
0.0 0.0 26.6
0.0 0.0 26.6
15.0 0.0 26.6
15.0 0.0 26.6
0.0 0.0 29.9
0.0 0.0 29.9
0.0 0.0 29.9
15.0 0.0 29.9
0.0 0.0 29.9
0.0 0.0 29.9
0.0 0.0 29.9
0.0 0.0 29.9
0.0 0.0 29.9
0.0 0.0 29.9
0.0 0.0 29.9
0.0 0.0 28.9
0.0 0.0 28.9
0.0 0.0 28.9
0.0 0.0 28.9
0.0 0.0 28.9
31.0 0.0 28.9
0.0 0.0 28.9
0.0 0.0 28.9
0.0 0.0 28.9
15.0 0.0 28.9
0.0 0.0 28.9
0.0 0.0 28.9
0.0 0.0 29.6
0.0 0.0 29.6
0.0 0.0 29.6
0.0 0.0 29.6
0.0 0.0 29.6
0.0 0.0 29.6
0.0 0.0 29.6
0.0 0.0 29.6
0.0 0.0 29.6
15.0 0.0 29.6
0.0 0.0 29.6
0.0 0.0 29.6
0.0 0.0 29.6
0.0 0.0 29.6
0.0 0.0 29.6
0.0 0.0 22.1
0.0 0.0 22.1
0.0 0.0 22.1
0.0 0.0 22.1
0.0 0.0 22.1
15.0 0.0 22.1
0.0 0.0 22.1
0.0 0.0 22.1
0.0 0.0 22.1
0.0 0.0 22.1
0.0 0.0 22.1
0.0 0.0 26.0
0.0 0.0 26.0
0.0 0.0 26.0
0.0 0.0 26.0
0.0 0.0 26.0
0.0 0.0 26.0
0.0 0.0 26.0
0.0 0.0 26.0
0.0 0.0 26.0
0.0 0.0 26.0
0.0 0.0 26.0
0.0 0.0 26.0
0.0 0.0 26.0
0.0 0.0 26.0
0.0 0.0 29.2
0.0 0.0 29.2
0.0 0.0 29.2
0.0 0.0 29.2
16.0 0.0 29.2
0.0 0.0 29.2
0.0 0.0 29.2
0.0 0.0 29.2
0.0 0.0 29.2
0.0 0.0 29.2
0.0 0.0 37.5
0.0 0.0 37.5
0.0 0.0 37.5
0.0 0.0 37.5
0.0 0.0 37.5
0.0 0.0 37.5
0.0 0.0 37.5
0.0 0.0 37.5
0.0 0.0 37.5
0.0 0.0 37.5
0.0 0.0 37.5
15.0 0.0 20.0
16.0 0.0 20.0
0.0 0.0 20.0
0.0 0.0 20.0
0.0 0.0 20.0
1.0 0.0 20.0
0.0 0.0 20.0
0.0 0.0 20.0
16.0 0.0 20.0
0.0 0.0 20.0
0.0 0.0 21.0
0.0 0.0 21.0
0.0 0.0 21.0
0.0 0.0 21.0
0.0 0.0 21.0
0.0 0.0 21.0
0.0 0.0 21.0
0.0 0.0 21.0
0.0 0.0 21.0
0.0 0.0 21.0
0.0 0.0 21.0
0.0 0.0 21.0
0.0 0.0 21.0
0.0 0.0 21.0
0.0 0.0 21.0
0.0 0.0 17.4
0.0 0.0 17.4
0.0 0.0 17.4
0.0 0.0 17.4
0.0 0.0 17.4
15.0 0.0 17.4
0.0 0.0 17.4
0.0 0.0 17.4
0.0 0.0 17.4
0.0 0.0 13.7
0.0 0.0 13.7
0.0 0.0 13.7
0.0 0.0 13.7
0.0 0.0 13.7
0.0 0.0 13.7
0.0 0.0 13.7
0.0 0.0 13.7
0.0 0.0 13.7
0.0 0.0 14.8
0.0 0.0 14.8
0.0 0.0 14.8
0.0 0.0 14.8
0.0 0.0 14.8
0.0 0.0 14.8
0.0 0.0 14.8
15.0 0.0 14.8
0.0 0.0 14.8
0.0 0.0 14.8
0.0 0.0 14.8
0.0 0.0 14.8
0.0 0.0 14.8
0.0 0.0 14.8
0.0 0.0 14.0
0.0 0.0 14.0
0.0 0.0 14.0
0.0 0.0 14.0
0.0 0.0 14.0
0.0 0.0 14.0
16.0 0.0 14.0
0.0 0.0 14.0
0.0 0.0 14.0
0.0 0.0 14.0
0.0 0.0 14.0
0.0 0.0 14.0
0.0 0.0 21.0
0.0 0.0 21.0
0.0 0.0 21.0
0.0 0.0 21.0
15.0 0.0 21.0
0.0 0.0 21.0
0.0 0.0 21.0
0.0 0.0 21.0
0.0 0.0 21.0
15.0 0.0 21.0
0.0 0.0 21.0
0.0 0.0 21.0
0.0 0.0 20.3
0.0 0.0 20.3
0.0 0.0 20.3
0.0 0.0 20.3
0.0 0.0 20.3
0.0 0.0 20.3
0.0 0.0 20.3
0.0 0.0 20.3
0.0 0.0 20.3
0.0 0.0 20.3
0.0 0.0 20.3
0.0 0.0 20.3
0.0 0.0 13.6
0.0 0.0 13.6
15.0 0.0 13.6
0.0 0.0 13.6
31.0 0.0 13.6
0.0 0.0 13.6
0.0 0.0 13.6
0.0 0.0 13.6
0.0 0.0 13.6
0.0 0.0 13.6
0.0 0.0 13.6
0.0 0.0 13.6
16.0 0.0 15.1
0.0 0.0 15.1
0.0 0.0 15.1
0.0 0.0 15.1
0.0 0.0 15.1
16.0 0.0 15.1
0.0 0.0 15.1
0.0 0.0 15.1
0.0 0.0 15.1
0.0 0.0 15.1
0.0 0.0 15.1
0.0 0.0 15.1
0.0 0.0 13.0
16.0 0.0 13.0
0.0 0.0 13.0
0.0 0.0 13.0
0.0 0.0 13.0
0.0 0.0 13.0
0.0 0.0 13.0
16.0 0.0 13.0
0.0 0.0 13.0
16.0 0.0 13.0
0.0 0.0 13.0
0.0 0.0 17.3
0.0 0.0 17.3
0.0 0.0 17.3
0.0 0.0 17.3
0.0 0.0 17.3
16.0 0.0 17.3
0.0 0.0 17.3
0.0 0.0 17.3
0.0 0.0 17.3
16.0 0.0 17.3
Numero de fallas:0