Prueba 1
T1 T2 %Carga
0.0 0.0 0.0
0.0 0.0 0.0
610.0 32.0 37.5
0.0 0.0 37.5
0.0 0.0 37.5
0.0 0.0 37.5
0.0 0.0 37.5
0.0 0.0 37.5
16.0 0.0 37.5
0.0 0.0 37.5
0.0 0.0 37.5
0.0 0.0 37.5
0.0 0.0 37.5
0.0 0.0 37.5
16.0 0.0 37.5
0.0 0.0 37.5
0.0 0.0 37.5
0.0 0.0 37.5
0.0 0.0 37.5
0.0 0.0 37.5
0.0 0.0 37.5
0.0 0.0 0.0
0.0 0.0 50.0
0.0 0.0 37.5
610.0 32.0 37.5
0.0 0.0 37.5
0.0 0.0 37.5
0.0 0.0 37.5
0.0 0.0 0.0
0.0 0.0 37.5
0.0 0.0 37.5
16.0 0.0 37.5
0.0 0.0 0.0
0.0 0.0 37.5
0.0 0.0 37.5
0.0 0.0 12.4
0.0 0.0 12.4
0.0 0.0 12.4
0.0 0.0 12.4
0.0 0.0 12.4
16.0 0.0 12.4
0.0 0.0 12.4
16.0 0.0 12.4
0.0 0.0 12.4
0.0 0.0 12.4
16.0 0.0 12.4
16.0 0.0 12.4
0.0 0.0 12.4
16.0 0.0 12.4
0.0 0.0 12.4
0.0 0.0 12.4
0.0 0.0 12.4
16.0 0.0 12.4
0.0 0.0 12.4
16.0 0.0 12.4
0.0 0.0 12.4
0.0 0.0 12.4
0.0 0.0 12.4
0.0 0.0 12.4
0.0 0.0 12.4
0.0 0.0 12.4
0.0 0.0 12.4
0.0 0.0 12.4
0.0 0.0 12.4
0.0 0.0 37.5
0.0 0.0 37.5
0.0 0.0 37.5
0.0 0.0 37.5
16.0 0.0 37.5
15.0 0.0 37.5
0.0 0.0 37.5
0.0 0.0 37.5
0.0 0.0 37.5
0.0 0.0 37.5
0.0 0.0 37.5
0.0 0.0 37.5
0.0 0.0 37.5
0.0 0.0 37.5
0.0 0.0 37.5
0.0 0.0 37.5
0.0 0.0 37.5
0.0 0.0 37.5
0.0 0.0 37.5
0.0 0.0 37.5
0.0 0.0 37.5
0.0 0.0 37.5
0.0 0.0 37.6
0.0 0.0 37.6
16.0 0.0 37.6
0.0 0.0 37.6
0.0 0.0 37.6
0.0 0.0 37.6
0.0 0.0 37.6
0.0 0.0 37.6
0.0 0.0 37.6
0.0 0.0 37.6
0.0 0.0 37.6
0.0 0.0 37.6
0.0 0.0 37.6
0.0 0.0 37.6
0.0 0.0 37.6
16.0 0.0 37.6
0.0 0.0 37.6
0.0 0.0 32.9
0.0 0.0 32.9
16.0 0.0 32.9
0.0 0.0 32.9
0.0 0.0 32.9
0.0 0.0 32.9
0.0 0.0 32.9
0.0 0.0 32.9
0.0 0.0 32.9
0.0 0.0 32.9
0.0 15.0 32.9
0.0 0.0 32.9
0.0 0.0 32.9
0.0 0.0 32.9
0.0 16.0 32.9
0.0 0.0 32.9
0.0 0.0 32.9
0.0 0.0 32.9
0.0 0.0 32.9
0.0 0.0 32.9
0.0 0.0 32.9
0.0 0.0 32.9
0.0 0.0 32.9
0.0 0.0 32.9
16.0 0.0 42.1
0.0 0.0 42.1
0.0 0.0 42.1
0.0 0.0 42.1
0.0 0.0 42.1
0.0 0.0 42.1
16.0 0.0 42.1
0.0 0.0 42.1
0.0 0.0 42.1
0.0 0.0 42.1
0.0 0.0 42.1
0.0 0.0 42.1
0.0 0.0 42.1
0.0 0.0 42.1
0.0 0.0 42.1
0.0 0.0 42.1
0.0 0.0 42.1
0.0 0.0 42.1
0.0 0.0 42.1
0.0 0.0 42.1
0.0 0.0 42.1
0.0 0.0 42.1
0.0 0.0 49.9
0.0 0.0 49.9
0.0 0.0 49.9
0.0 0.0 49.9
0.0 0.0 49.9
0.0 0.0 49.9
16.0 0.0 49.9
0.0 0.0 49.9
0.0 0.0 49.9
0.0 0.0 49.9
0.0 0.0 49.9
0.0 0.0 49.9
0.0 0.0 49.9
0.0 0.0 49.9
0.0 0.0 49.9
0.0 0.0 49.9
0.0 0.0 49.9
15.0 0.0 49.9
0.0 0.0 49.9
0.0 0.0 49.9
0.0 0.0 49.9
0.0 0.0 49.9
0.0 0.0 49.9
0.0 0.0 49.9
0.0 0.0 49.9
0.0 0.0 49.9
0.0 0.0 49.9
0.0 0.0 49.9
0.0 0.0 49.9
0.0 0.0 49.9
15.0 0.0 49.9
0.0 0.0 49.9
0.0 0.0 49.9
0.0 0.0 49.9
0.0 0.0 49.9
16.0 0.0 49.9
0.0 0.0 49.9
0.0 0.0 49.9
0.0 0.0 49.9
0.0 0.0 49.9
0.0 0.0 49.9
16.0 0.0 49.9
0.0 16.0 49.9
0.0 0.0 49.9
0.0 0.0 40.6
0.0 0.0 40.6
0.0 0.0 40.6
0.0 0.0 40.6
0.0 0.0 40.6
0.0 0.0 40.6
0.0 0.0 40.6
16.0 0.0 40.6
0.0 0.0 40.6
0.0 0.0 40.6
0.0 0.0 40.6
0.0 0.0 40.6
16.0 0.0 40.6
0.0 0.0 40.6
15.0 0.0 40.6
0.0 0.0 40.6
0.0 0.0 40.6
0.0 0.0 40.6
16.0 0.0 24.4
0.0 0.0 24.4
16.0 0.0 24.4
0.0 0.0 24.4
0.0 0.0 24.4
0.0 0.0 24.4
16.0 0.0 24.4
0.0 0.0 24.4
0.0 0.0 24.4
0.0 0.0 24.4
16.0 0.0 24.4
0.0 0.0 24.4
16.0 0.0 24.4
0.0 0.0 24.4
0.0 0.0 24.4
0.0 0.0 24.4
15.0 0.0 20.0
0.0 0.0 20.0
0.0 0.0 20.0
1.0 0.0 20.0
0.0 0.0 20.0
0.0 0.0 20.0
0.0 0.0 20.0
0.0 0.0 20.0
0.0 0.0 20.0
0.0 0.0 20.0
0.0 0.0 20.0
0.0 0.0 20.0
0.0 0.0 20.0
0.0 0.0 20.0
0.0 0.0 20.0
0.0 0.0 20.0
0.0 0.0 20.0
0.0 0.0 33.1
0.0 0.0 33.1
15.0 0.0 33.1
0.0 0.0 33.1
0.0 0.0 33.1
0.0 0.0 33.1
0.0 0.0 33.1
0.0 0.0 33.1
0.0 0.0 33.1
0.0 0.0 33.1
0.0 0.0 33.1
0.0 0.0 33.1
0.0 0.0 33.1
0.0 0.0 33.1
0.0 0.0 33.1
0.0 0.0 33.1
0.0 0.0 33.1
0.0 0.0 33.1
0.0 0.0 32.5
0.0 0.0 32.5
0.0 0.0 32.5
0.0 0.0 32.5
0.0 0.0 32.5
15.0 0.0 32.5
0.0 0.0 32.5
0.0 0.0 32.5
0.0 0.0 32.5
0.0 0.0 32.5
0.0 0.0 32.5
0.0 16.0 32.5
0.0 0.0 32.5
16.0 0.0 32.5
0.0 0.0 32.5
0.0 0.0 32.5
15.0 0.0 32.5
0.0 0.0 32.5
0.0 0.0 32.5
0.0 0.0 29.1
0.0 0.0 29.1
0.0 0.0 29.1
0.0 0.0 29.1
16.0 0.0 29.1
0.0 0.0 29.1
0.0 0.0 29.1
0.0 0.0 29.1
15.0 0.0 29.1
0.0 0.0 29.1
0.0 0.0 29.1
0.0 0.0 29.1
0.0 0.0 29.1
16.0 0.0 29.1
0.0 0.0 29.1
0.0 0.0 29.1
0.0 0.0 29.1
0.0 0.0 0.0
0.0 0.0 0.0
0.0 0.0 0.0
0.0 0.0 0.0
0.0 0.0 0.0
0.0 0.0 0.0
0.0 0.0 0.0
0.0 0.0 0.0
0.0 0.0 0.0
0.0 0.0 0.0
0.0 0.0 0.0
16.0 0.0 0.0
0.0 0.0 0.0
0.0 0.0 0.0
16.0 0.0 0.0
0.0 0.0 0.0
0.0 0.0 0.0
0.0 0.0 0.0
0.0 0.0 25.0
0.0 0.0 25.0
0.0 0.0 25.0
0.0 0.0 25.0
15.0 0.0 25.0
0.0 0.0 25.0
0.0 0.0 25.0
0.0 0.0 25.0
0.0 0.0 25.0
0.0 0.0 25.0
0.0 0.0 25.0
0.0 0.0 25.0
0.0 0.0 25.0
0.0 0.0 25.0
0.0 0.0 25.0
0.0 0.0 25.0
0.0 0.0 25.0
0.0 0.0 25.0
0.0 0.0 0.0
0.0 0.0 0.0
16.0 0.0 0.0
0.0 0.0 0.0
0.0 0.0 0.0
0.0 0.0 0.0
0.0 0.0 0.0
0.0 0.0 0.0
0.0 0.0 0.0
0.0 0.0 0.0
0.0 0.0 0.0
0.0 0.0 0.0
0.0 0.0 0.0
0.0 0.0 0.0
0.0 0.0 0.0
0.0 0.0 0.0
0.0 0.0 0.0
0.0 0.0 0.0
0.0 16.0 0.0
0.0 0.0 26.5
0.0 0.0 26.5
0.0 0.0 26.5
0.0 0.0 26.5
0.0 0.0 26.5
0.0 0.0 26.5
16.0 0.0 26.5
0.0 0.0 26.5
0.0 0.0 26.5
0.0 0.0 26.5
0.0 0.0 26.5
0.0 0.0 26.5
0.0 0.0 26.5
0.0 0.0 26.5
0.0 0.0 26.5
0.0 0.0 26.5
0.0 15.0 28.0
0.0 0.0 28.0
0.0 0.0 28.0
16.0 0.0 28.0
0.0 0.0 28.0
0.0 0.0 28.0
0.0 16.0 28.0
0.0 0.0 28.0
0.0 0.0 28.0
0.0 0.0 28.0
0.0 0.0 28.0
16.0 0.0 28.0
0.0 0.0 28.0
0.0 0.0 28.0
0.0 0.0 28.0
0.0 0.0 28.0
0.0 0.0 28.0
0.0 0.0 29.2
0.0 0.0 29.2
0.0 0.0 29.2
0.0 0.0 29.2
15.0 0.0 29.2
0.0 1.0 29.2
0.0 0.0 29.2
0.0 0.0 29.2
0.0 0.0 29.2
0.0 0.0 29.2
0.0 0.0 29.2
0.0 0.0 29.2
16.0 0.0 29.2
15.0 0.0 29.2
Numero de fallas:0
Prueba 2
T1 T2 %Carga
0.0 0.0 58.3
0.0 0.0 58.3
0.0 0.0 58.3
0.0 0.0 58.3
0.0 0.0 58.3
0.0 0.0 58.3
16.0 0.0 58.3
172.0 16.0 58.3
0.0 0.0 58.3
172.0 16.0 58.3
0.0 0.0 58.3
0.0 0.0 58.3
0.0 0.0 58.3
0.0 0.0 58.3
0.0 0.0 58.3
0.0 0.0 58.3
0.0 0.0 58.3
0.0 0.0 58.3
0.0 0.0 58.3
0.0 0.0 58.3
0.0 0.0 58.3
15.0 0.0 58.3
0.0 0.0 58.3
0.0 0.0 58.3
0.0 0.0 58.3
0.0 0.0 58.3
0.0 0.0 58.3
0.0 0.0 58.3
0.0 0.0 58.3
0.0 0.0 58.3
0.0 0.0 58.3
0.0 16.0 58.3
0.0 0.0 58.3
0.0 0.0 58.3
0.0 0.0 58.3
0.0 0.0 66.6
0.0 0.0 0.0
16.0 0.0 0.0
0.0 0.0 0.0
0.0 0.0 0.0
0.0 0.0 0.0
0.0 0.0 0.0
0.0 0.0 0.0
0.0 0.0 0.0
1.0 0.0 0.0
0.0 0.0 0.0
0.0 0.0 0.0
0.0 0.0 0.0
16.0 0.0 0.0
0.0 0.0 0.0
0.0 0.0 0.0
0.0 0.0 0.0
15.0 0.0 0.0
16.0 0.0 0.0
0.0 0.0 0.0
0.0 0.0 0.0
0.0 16.0 0.0
0.0 16.0 0.0
0.0 0.0 0.0
0.0 0.0 0.0
0.0 15.0 0.0
0.0 15.0 0.0
0.0 15.0 0.0
0.0 16.0 0.0
0.0 0.0 0.0
0.0 0.0 0.0
0.0 0.0 0.0
0.0 0.0 0.0
0.0 0.0 0.0
0.0 0.0 0.0
0.0 0.0 0.0
0.0 0.0 0.0
0.0 0.0 0.0
0.0 0.0 0.0
0.0 0.0 0.0
0.0 0.0 0.0
0.0 0.0 0.0
0.0 0.0 0.0
0.0 0.0 0.0
0.0 0.0 0.0
0.0 0.0 0.0
0.0 0.0 0.0
0.0 0.0 0.0
16.0 0.0 47.4
0.0 0.0 47.4
0.0 0.0 47.4
0.0 0.0 47.4
0.0 0.0 47.4
0.0 0.0 47.4
0.0 0.0 47.4
0.0 0.0 47.4
0.0 0.0 47.4
1.0 0.0 47.4
0.0 0.0 47.4
0.0 0.0 47.4
0.0 0.0 47.4
0.0 0.0 47.4
0.0 0.0 47.4
0.0 0.0 47.4
0.0 0.0 47.4
0.0 0.0 47.4
0.0 0.0 47.4
0.0 0.0 47.4
0.0 0.0 41.6
0.0 0.0 41.6
0.0 0.0 41.6
0.0 0.0 41.6
0.0 0.0 41.6
0.0 0.0 41.6
0.0 0.0 41.6
0.0 0.0 41.6
0.0 0.0 41.6
0.0 0.0 41.6
0.0 0.0 41.6
16.0 0.0 41.6
0.0 0.0 41.6
0.0 0.0 41.6
16.0 0.0 41.6
0.0 0.0 41.6
0.0 0.0 41.6
0.0 0.0 41.6
0.0 0.0 41.6
0.0 0.0 37.0
15.0 0.0 37.0
0.0 0.0 37.0
0.0 0.0 37.0
0.0 0.0 37.0
0.0 0.0 37.0
0.0 0.0 37.0
0.0 0.0 37.0
0.0 0.0 37.0
0.0 0.0 37.0
0.0 0.0 37.0
1.0 0.0 37.0
0.0 0.0 37.0
0.0 0.0 37.0
0.0 0.0 37.0
0.0 0.0 37.0
16.0 0.0 37.0
0.0 0.0 37.0
0.0 0.0 32.2
0.0 0.0 32.2
0.0 0.0 32.2
0.0 0.0 32.2
0.0 15.0 32.2
15.0 0.0 32.2
0.0 0.0 32.2
0.0 0.0 32.2
0.0 0.0 32.2
16.0 0.0 32.2
0.0 0.0 32.2
0.0 0.0 32.2
0.0 0.0 32.2
0.0 0.0 32.2
0.0 0.0 32.2
0.0 0.0 32.2
0.0 0.0 32.2
32.0 0.0 29.8
0.0 0.0 29.8
0.0 0.0 29.8
0.0 0.0 29.8
15.0 0.0 29.8
16.0 0.0 29.8
0.0 0.0 29.8
0.0 16.0 29.8
0.0 0.0 29.8
0.0 0.0 29.8
0.0 0.0 29.8
0.0 0.0 29.8
0.0 0.0 29.8
0.0 0.0 29.8
0.0 0.0 29.8
0.0 0.0 29.8
0.0 0.0 29.5
0.0 0.0 29.5
0.0 0.0 29.5
0.0 0.0 29.5
0.0 0.0 29.5
0.0 0.0 29.5
0.0 0.0 29.5
0.0 0.0 29.5
0.0 0.0 29.5
0.0 0.0 29.5
0.0 0.0 29.5
0.0 0.0 29.5
0.0 0.0 29.5
0.0 0.0 29.5
0.0 0.0 29.5
0.0 0.0 29.5
0.0 0.0 35.0
0.0 0.0 35.0
0.0 0.0 35.0
0.0 0.0 35.0
0.0 0.0 35.0
16.0 0.0 35.0
0.0 0.0 35.0
0.0 0.0 35.0
0.0 0.0 35.0
0.0 0.0 35.0
0.0 0.0 35.0
15.0 0.0 35.0
0.0 0.0 35.0
0.0 0.0 35.0
0.0 0.0 35.0
0.0 0.0 35.0
0.0 0.0 35.0
0.0 0.0 35.0
16.0 0.0 0.0
16.0 0.0 0.0
0.0 0.0 0.0
0.0 0.0 0.0
0.0 0.0 0.0
0.0 0.0 0.0
0.0 0.0 0.0
0.0 0.0 0.0
0.0 0.0 0.0
0.0 0.0 0.0
0.0 0.0 0.0
0.0 0.0 0.0
0.0 0.0 0.0
0.0 0.0 0.0
0.0 0.0 0.0
0.0 0.0 0.0
16.0 0.0 0.0
0.0 0.0 29.6
0.0 0.0 29.6
1.0 0.0 29.6
0.0 0.0 29.6
0.0 0.0 29.6
0.0 0.0 29.6
0.0 0.0 29.6
0.0 0.0 29.6
16.0 0.0 29.6
0.0 0.0 29.6
0.0 0.0 29.6
0.0 0.0 29.6
0.0 0.0 29.6
16.0 0.0 29.6
0.0 0.0 29.6
0.0 0.0 58.3
0.0 0.0 58.3
0.0 0.0 58.3
15.0 0.0 58.3
0.0 0.0 58.3
0.0 0.0 58.3
0.0 0.0 58.3
0.0 0.0 58.3
0.0 0.0 58.3
0.0 0.0 58.3
16.0 0.0 58.3
0.0 0.0 58.3
0.0 0.0 58.3
16.0 0.0 58.3
0.0 0.0 58.3
0.0 0.0 58.3
0.0 0.0 58.3
0.0 0.0 58.3
0.0 0.0 58.3
0.0 0.0 58.3
0.0 0.0 32.6
15.0 0.0 32.6
16.0 0.0 32.6
15.0 0.0 32.6
16.0 0.0 32.6
0.0 0.0 32.6
0.0 0.0 32.6
0.0 0.0 32.6
0.0 0.0 32.6
15.0 0.0 32.6
0.0 0.0 32.6
0.0 0.0 32.6
0.0 0.0 32.6
0.0 0.0 32.6
0.0 16.0 32.6
0.0 0.0 32.6
0.0 0.0 37.5
16.0 0.0 37.5
0.0 0.0 37.5
16.0 0.0 37.5
0.0 0.0 37.5
0.0 0.0 37.5
0.0 0.0 37.5
16.0 0.0 37.5
0.0 0.0 37.5
0.0 0.0 37.5
0.0 0.0 37.5
0.0 0.0 37.5
0.0 0.0 37.5
0.0 0.0 37.5
0.0 0.0 37.5
0.0 1.0 37.5
0.0 0.0 32.3
0.0 0.0 32.3
0.0 0.0 32.3
31.0 0.0 32.3
0.0 0.0 32.3
0.0 0.0 32.3
0.0 0.0 32.3
0.0 0.0 32.3
0.0 0.0 32.3
16.0 0.0 32.3
0.0 0.0 32.3
0.0 0.0 32.3
0.0 0.0 32.3
0.0 0.0 32.3
0.0 0.0 32.3
0.0 0.0 32.3
16.0 0.0 32.3
0.0 0.0 32.3
0.0 0.0 18.7
0.0 0.0 18.7
15.0 0.0 18.7
0.0 0.0 18.7
16.0 0.0 18.7
15.0 0.0 18.7
0.0 0.0 18.7
0.0 0.0 18.7
0.0 0.0 18.7
0.0 0.0 18.7
0.0 0.0 18.7
0.0 0.0 18.7
15.0 0.0 18.7
0.0 0.0 18.7
0.0 0.0 18.7
0.0 0.0 18.7
0.0 0.0 18.7
0.0 0.0 28.2
15.0 0.0 28.2
0.0 0.0 28.2
0.0 0.0 28.2
0.0 0.0 28.2
0.0 0.0 28.2
15.0 0.0 28.2
0.0 0.0 28.2
0.0 0.0 28.2
0.0 0.0 28.2
0.0 0.0 28.2
0.0 0.0 28.2
0.0 0.0 28.2
0.0 0.0 28.2
15.0 0.0 28.2
0.0 0.0 28.2
0.0 0.0 28.2
0.0 0.0 31.2
0.0 0.0 31.2
0.0 0.0 31.2
0.0 0.0 31.2
0.0 0.0 31.2
0.0 0.0 31.2
0.0 0.0 31.2
0.0 0.0 31.2
0.0 0.0 31.2
0.0 0.0 31.2
0.0 0.0 31.2
0.0 0.0 31.2
0.0 0.0 31.2
0.0 0.0 31.2
0.0 0.0 31.2
0.0 0.0 31.2
0.0 0.0 31.2
0.0 0.0 31.2
0.0 0.0 0.0
0.0 0.0 0.0
0.0 0.0 0.0
0.0 0.0 0.0
16.0 0.0 0.0
0.0 0.0 0.0
0.0 0.0 0.0
0.0 0.0 0.0
0.0 0.0 0.0
0.0 0.0 0.0
0.0 0.0 0.0
0.0 0.0 0.0
0.0 0.0 0.0
0.0 0.0 0.0
0.0 0.0 0.0
0.0 0.0 0.0
0.0 0.0 0.0
0.0 0.0 31.2
0.0 0.0 31.2
0.0 0.0 31.2
0.0 0.0 31.2
0.0 0.0 31.2
0.0 0.0 31.2
0.0 0.0 31.2
0.0 0.0 31.2
0.0 0.0 31.2
0.0 0.0 31.2
1.0 0.0 31.2
0.0 0.0 31.2
0.0 0.0 31.2
0.0 15.0 31.2
0.0 0.0 31.2
0.0 0.0 31.2
0.0 0.0 0.0
0.0 0.0 0.0
0.0 0.0 0.0
0.0 0.0 0.0
15.0 0.0 0.0
0.0 0.0 0.0
Numero de fallas:0
Prueba 3
T1 T2 %Carga
0.0 0.0 45.6
0.0 0.0 45.6
16.0 0.0 45.6
0.0 0.0 45.6
0.0 0.0 45.6
0.0 0.0 45.6
0.0 0.0 45.6
156.0 15.0 45.6
0.0 0.0 45.6
0.0 0.0 45.6
0.0 15.0 45.6
0.0 0.0 45.6
16.0 0.0 45.6
0.0 0.0 45.6
156.0 15.0 45.6
0.0 0.0 45.6
16.0 0.0 45.6
0.0 0.0 45.6
0.0 0.0 45.6
0.0 0.0 45.6
0.0 0.0 45.6
0.0 0.0 45.6
15.0 0.0 45.6
0.0 0.0 45.6
0.0 0.0 45.6
0.0 0.0 45.6
0.0 0.0 45.6
0.0 0.0 43.7
0.0 0.0 41.6
0.0 0.0 0.0
0.0 0.0 37.4
16.0 0.0 40.6
0.0 0.0 45.8
0.0 0.0 37.5
0.0 0.0 31.2
0.0 0.0 31.2
0.0 15.0 0.0
0.0 0.0 29.1
0.0 0.0 29.1
0.0 0.0 46.8
0.0 0.0 0.0
0.0 0.0 0.0
0.0 0.0 0.0
0.0 0.0 0.0
0.0 0.0 0.0
15.0 0.0 24.9
0.0 0.0 37.5
0.0 0.0 33.3
0.0 0.0 27.4
0.0 0.0 41.6
0.0 0.0 62.5
0.0 15.0 37.4
0.0 0.0 0.0
16.0 0.0 46.9
0.0 0.0 25.0
0.0 0.0 24.9
0.0 0.0 24.9
15.0 0.0 24.9
31.0 0.0 24.9
0.0 0.0 0.0
0.0 0.0 25.0
0.0 0.0 43.7
0.0 0.0 24.9
0.0 0.0 24.9
0.0 0.0 25.0
0.0 0.0 37.5
0.0 0.0 0.0
0.0 0.0 0.0
0.0 0.0 0.0
0.0 0.0 0.0
0.0 0.0 0.0
0.0 0.0 0.0
0.0 0.0 0.0
0.0 0.0 0.0
0.0 0.0 0.0
16.0 0.0 12.4
0.0 0.0 24.9
0.0 0.0 0.0
0.0 0.0 24.9
0.0 0.0 37.5
0.0 0.0 37.5
0.0 0.0 0.0
0.0 0.0 0.0
0.0 0.0 40.6
0.0 0.0 40.6
0.0 0.0 0.0
0.0 0.0 37.5
0.0 0.0 37.4
0.0 0.0 49.9
0.0 0.0 37.5
15.0 0.0 37.5
0.0 15.0 52.0
0.0 0.0 50.0
16.0 0.0 43.7
16.0 0.0 29.1
0.0 0.0 39.4
16.0 0.0 39.4
0.0 0.0 39.4
15.0 0.0 39.4
0.0 0.0 39.4
0.0 0.0 39.4
0.0 0.0 39.4
0.0 0.0 0.0
0.0 0.0 24.9
0.0 0.0 25.0
0.0 0.0 25.0
0.0 0.0 25.0
16.0 0.0 25.0
16.0 0.0 37.4
0.0 0.0 37.4
0.0 0.0 37.4
0.0 0.0 37.5
0.0 0.0 37.5
0.0 0.0 37.5
0.0 0.0 37.5
0.0 0.0 37.5
0.0 0.0 31.2
16.0 0.0 31.2
0.0 0.0 29.1
0.0 0.0 37.4
0.0 0.0 37.4
0.0 0.0 37.4
0.0 0.0 37.4
0.0 0.0 37.4
0.0 0.0 0.0
16.0 0.0 0.0
0.0 0.0 12.4
0.0 0.0 12.4
0.0 0.0 47.1
0.0 0.0 20.8
1.0 0.0 29.1
0.0 0.0 37.4
0.0 0.0 0.0
0.0 0.0 0.0
15.0 0.0 0.0
0.0 0.0 0.0
16.0 0.0 37.4
0.0 0.0 31.2
0.0 0.0 31.2
15.0 0.0 0.0
0.0 0.0 0.0
0.0 0.0 0.0
0.0 0.0 0.0
16.0 0.0 0.0
16.0 0.0 NaN
0.0 0.0 45.0
0.0 0.0 24.9
0.0 0.0 31.2
0.0 0.0 31.2
0.0 0.0 0.0
15.0 0.0 0.0
16.0 0.0 0.0
0.0 0.0 0.0
16.0 0.0 0.0
0.0 0.0 0.0
15.0 0.0 25.0
0.0 0.0 25.0
1.0 0.0 25.0
15.0 0.0 25.0
0.0 0.0 25.0
0.0 0.0 29.1
0.0 0.0 0.0
0.0 0.0 0.0
16.0 0.0 0.0
0.0 0.0 0.0
1.0 0.0 0.0
16.0 0.0 0.0
0.0 0.0 0.0
0.0 0.0 0.0
0.0 0.0 37.4
0.0 0.0 0.0
0.0 0.0 0.0
0.0 0.0 24.9
0.0 0.0 24.9
15.0 0.0 24.9
0.0 0.0 100.0
0.0 0.0 60.4
0.0 0.0 25.0
0.0 0.0 24.9
0.0 0.0 24.9
0.0 0.0 24.9
0.0 0.0 24.9
0.0 0.0 24.9
0.0 0.0 24.9
0.0 0.0 24.9
0.0 0.0 0.0
0.0 0.0 0.0
0.0 0.0 0.0
0.0 0.0 0.0
0.0 0.0 0.0
0.0 0.0 0.0
16.0 0.0 0.0
0.0 0.0 0.0
0.0 0.0 0.0
0.0 0.0 0.0
0.0 0.0 0.0
15.0 0.0 0.0
0.0 0.0 0.0
0.0 0.0 0.0
0.0 0.0 0.0
0.0 0.0 0.0
0.0 0.0 0.0
0.0 0.0 0.0
16.0 0.0 0.0
0.0 0.0 0.0
0.0 0.0 0.0
0.0 0.0 0.0
0.0 0.0 0.0
0.0 0.0 0.0
0.0 0.0 0.0
0.0 0.0 0.0
0.0 0.0 0.0
0.0 0.0 0.0
15.0 0.0 0.0
15.0 0.0 0.0
0.0 0.0 0.0
0.0 0.0 0.0
0.0 0.0 62.5
0.0 0.0 62.5
0.0 15.0 62.5
0.0 0.0 62.5
16.0 0.0 62.5
0.0 0.0 62.5
0.0 0.0 62.5
0.0 0.0 62.5
0.0 0.0 62.5
0.0 0.0 62.5
0.0 0.0 62.5
0.0 0.0 62.5
0.0 0.0 62.5
0.0 0.0 62.5
0.0 0.0 62.5
0.0 0.0 62.5
0.0 0.0 31.2
16.0 0.0 31.2
32.0 0.0 31.2
0.0 0.0 31.2
15.0 0.0 31.2
0.0 0.0 31.2
0.0 0.0 31.2
0.0 0.0 31.2
0.0 0.0 31.2
0.0 0.0 31.2
0.0 0.0 31.2
0.0 0.0 31.2
0.0 0.0 31.2
16.0 0.0 31.2
0.0 0.0 31.2
0.0 0.0 31.2
0.0 0.0 31.2
0.0 15.0 31.2
0.0 0.0 31.2
17.0 16.0 39.4
0.0 0.0 39.4
0.0 0.0 39.4
0.0 0.0 39.4
0.0 0.0 39.4
0.0 0.0 39.4
0.0 0.0 39.4
0.0 0.0 39.4
0.0 0.0 39.4
0.0 0.0 39.4
0.0 0.0 39.4
0.0 0.0 39.4
0.0 0.0 39.4
0.0 0.0 39.4
0.0 0.0 39.4
0.0 0.0 39.4
0.0 0.0 43.7
0.0 0.0 43.7
0.0 0.0 43.7
0.0 0.0 43.7
0.0 0.0 43.7
0.0 0.0 43.7
0.0 0.0 43.7
0.0 0.0 43.7
0.0 0.0 43.7
0.0 0.0 43.7
15.0 0.0 43.7
0.0 0.0 43.7
0.0 0.0 43.7
16.0 0.0 43.7
0.0 0.0 43.7
0.0 0.0 43.7
0.0 0.0 43.7
16.0 0.0 43.7
15.0 0.0 43.7
16.0 0.0 35.8
0.0 0.0 35.8
0.0 0.0 35.8
0.0 0.0 35.8
0.0 0.0 35.8
0.0 0.0 35.8
16.0 0.0 35.8
0.0 0.0 35.8
0.0 0.0 35.8
0.0 0.0 35.8
0.0 0.0 35.8
0.0 0.0 35.8
0.0 0.0 35.8
0.0 0.0 35.8
0.0 0.0 35.8
0.0 0.0 35.8
0.0 0.0 37.4
16.0 0.0 37.4
0.0 0.0 37.4
0.0 0.0 37.4
0.0 0.0 37.4
0.0 0.0 37.4
16.0 0.0 37.4
0.0 0.0 37.4
0.0 0.0 37.4
0.0 0.0 37.4
0.0 0.0 37.4
15.0 0.0 37.4
0.0 0.0 37.4
0.0 0.0 37.4
0.0 0.0 37.4
0.0 0.0 37.4
0.0 0.0 37.4
0.0 0.0 37.4
0.0 0.0 29.6
15.0 0.0 29.6
0.0 0.0 29.6
0.0 0.0 29.6
0.0 0.0 29.6
0.0 0.0 29.6
0.0 0.0 29.6
0.0 0.0 29.6
0.0 0.0 29.6
0.0 0.0 29.6
0.0 0.0 29.6
0.0 0.0 29.6
0.0 0.0 29.6
0.0 0.0 29.6
0.0 0.0 29.6
0.0 0.0 29.6
0.0 0.0 28.1
0.0 0.0 28.1
15.0 0.0 28.1
0.0 0.0 28.1
0.0 0.0 28.1
0.0 0.0 28.1
0.0 0.0 28.1
0.0 0.0 28.1
0.0 0.0 28.1
0.0 0.0 28.1
0.0 0.0 28.1
0.0 0.0 28.1
0.0 0.0 28.1
0.0 0.0 28.1
0.0 0.0 28.1
0.0 0.0 28.1
0.0 0.0 28.1
0.0 0.0 31.2
0.0 0.0 31.2
0.0 0.0 31.2
0.0 0.0 31.2
15.0 0.0 31.2
15.0 0.0 31.2
0.0 0.0 31.2
0.0 0.0 31.2
0.0 0.0 31.2
0.0 0.0 31.2
0.0 0.0 31.2
0.0 0.0 31.2
0.0 0.0 31.2
0.0 0.0 31.2
0.0 0.0 31.2
15.0 0.0 31.2
16.0 0.0 31.2
0.0 0.0 31.2
0.0 0.0 31.2
0.0 0.0 29.5
0.0 0.0 29.5
0.0 0.0 29.5
0.0 0.0 29.5
0.0 0.0 29.5
0.0 0.0 29.5
0.0 0.0 29.5
0.0 0.0 29.5
0.0 0.0 29.5
0.0 0.0 29.5
0.0 0.0 29.5
0.0 0.0 29.5
0.0 0.0 29.5
0.0 0.0 29.5
0.0 0.0 29.5
0.0 0.0 27.6
0.0 0.0 27.6
0.0 0.0 27.6
0.0 0.0 27.6
0.0 0.0 27.6
0.0 0.0 27.6
0.0 0.0 27.6
0.0 0.0 27.6
0.0 0.0 27.6
0.0 0.0 27.6
0.0 0.0 27.6
0.0 0.0 27.6
Numero de fallas:0
Prueba 4
T1 T2 %Carga
0.0 0.0 0.0
0.0 0.0 0.0
172.0 15.0 0.0
16.0 0.0 0.0
0.0 0.0 0.0
0.0 0.0 0.0
0.0 0.0 0.0
0.0 15.0 0.0
0.0 0.0 0.0
16.0 0.0 0.0
0.0 0.0 0.0
0.0 0.0 0.0
0.0 0.0 0.0
31.0 0.0 0.0
0.0 0.0 0.0
0.0 0.0 0.0
0.0 0.0 0.0
0.0 0.0 0.0
0.0 0.0 0.0
0.0 0.0 0.0
0.0 0.0 0.0
0.0 0.0 0.0
0.0 0.0 0.0
0.0 0.0 0.0
0.0 1.0 0.0
0.0 0.0 0.0
0.0 0.0 0.0
0.0 0.0 0.0
172.0 15.0 0.0
0.0 0.0 0.0
0.0 0.0 0.0
0.0 0.0 0.0
0.0 0.0 50.0
0.0 0.0 50.0
16.0 0.0 50.0
0.0 0.0 50.0
0.0 0.0 50.0
0.0 0.0 50.0
0.0 0.0 50.0
0.0 0.0 50.0
0.0 0.0 50.0
0.0 0.0 50.0
0.0 0.0 50.0
0.0 0.0 50.0
0.0 0.0 50.0
0.0 0.0 50.0
0.0 0.0 50.0
0.0 0.0 50.0
0.0 0.0 50.0
0.0 0.0 50.0
0.0 0.0 50.0
0.0 0.0 50.0
0.0 0.0 50.0
0.0 0.0 50.0
0.0 0.0 50.0
0.0 0.0 50.0
0.0 0.0 35.4
0.0 0.0 35.4
0.0 0.0 35.4
0.0 0.0 35.4
0.0 0.0 35.4
0.0 0.0 35.4
0.0 0.0 35.4
0.0 0.0 35.4
0.0 0.0 35.4
16.0 0.0 35.4
0.0 0.0 35.4
15.0 0.0 35.4
16.0 0.0 35.4
0.0 0.0 35.4
15.0 0.0 35.4
0.0 0.0 35.4
16.0 0.0 35.4
16.0 0.0 35.4
0.0 0.0 35.4
0.0 0.0 35.4
0.0 0.0 35.4
0.0 0.0 35.4
0.0 0.0 35.4
0.0 0.0 35.4
0.0 0.0 37.4
15.0 0.0 37.4
0.0 0.0 37.4
0.0 16.0 37.4
0.0 0.0 37.4
0.0 0.0 37.4
0.0 0.0 37.4
0.0 0.0 37.4
0.0 0.0 37.4
0.0 0.0 37.4
16.0 0.0 37.4
0.0 0.0 37.4
0.0 0.0 37.4
0.0 0.0 37.4
0.0 0.0 37.4
0.0 0.0 37.4
0.0 0.0 37.4
0.0 0.0 37.4
0.0 0.0 37.4
0.0 0.0 37.4
0.0 0.0 37.4
0.0 0.0 37.4
0.0 0.0 37.4
15.0 0.0 37.4
0.0 0.0 42.9
0.0 0.0 42.9
0.0 0.0 42.9
0.0 0.0 42.9
0.0 0.0 42.9
0.0 0.0 42.9
0.0 0.0 42.9
0.0 0.0 42.9
0.0 0.0 42.9
0.0 0.0 42.9
0.0 0.0 42.9
15.0 0.0 42.9
0.0 0.0 42.9
0.0 0.0 42.9
0.0 0.0 42.9
0.0 0.0 42.9
0.0 0.0 42.9
0.0 0.0 18.7
0.0 0.0 18.7
0.0 0.0 18.7
0.0 0.0 18.7
0.0 0.0 18.7
0.0 0.0 18.7
0.0 0.0 18.7
0.0 0.0 18.7
0.0 0.0 18.7
0.0 0.0 18.7
0.0 0.0 18.7
15.0 0.0 18.7
0.0 0.0 18.7
0.0 0.0 18.7
15.0 0.0 18.7
0.0 0.0 18.7
0.0 0.0 18.7
0.0 0.0 30.8
0.0 0.0 30.8
0.0 0.0 30.8
0.0 0.0 30.8
16.0 0.0 30.8
0.0 0.0 30.8
0.0 0.0 30.8
0.0 0.0 30.8
0.0 0.0 30.8
0.0 0.0 30.8
0.0 0.0 30.8
15.0 0.0 30.8
0.0 0.0 30.8
16.0 0.0 30.8
15.0 0.0 30.8
15.0 0.0 30.8
15.0 0.0 30.8
0.0 0.0 33.7
0.0 0.0 33.7
0.0 0.0 33.7
0.0 0.0 33.7
0.0 0.0 33.7
0.0 0.0 33.7
0.0 0.0 33.7
0.0 0.0 33.7
0.0 0.0 33.7
0.0 0.0 33.7
0.0 0.0 33.7
16.0 0.0 33.7
0.0 0.0 33.7
1.0 0.0 33.7
16.0 0.0 33.7
0.0 0.0 50.0
0.0 0.0 50.0
0.0 0.0 50.0
0.0 0.0 50.0
0.0 0.0 50.0
15.0 0.0 50.0
0.0 0.0 50.0
15.0 0.0 50.0
0.0 0.0 50.0
16.0 0.0 50.0
0.0 0.0 50.0
0.0 0.0 50.0
0.0 0.0 50.0
0.0 0.0 50.0
0.0 0.0 50.0
15.0 0.0 50.0
0.0 0.0 50.0
0.0 0.0 50.0
0.0 0.0 50.0
0.0 0.0 NaN
0.0 0.0 NaN
0.0 0.0 NaN
0.0 0.0 NaN
0.0 0.0 NaN
0.0 0.0 NaN
15.0 0.0 NaN
0.0 0.0 NaN
0.0 0.0 NaN
0.0 0.0 NaN
0.0 0.0 NaN
16.0 0.0 NaN
15.0 0.0 NaN
0.0 0.0 NaN
0.0 0.0 NaN
0.0 0.0 NaN
0.0 0.0 NaN
15.0 0.0 32.2
15.0 0.0 32.2
15.0 0.0 32.2
0.0 0.0 32.2
0.0 0.0 32.2
0.0 0.0 32.2
0.0 0.0 32.2
0.0 0.0 32.2
0.0 0.0 32.2
0.0 0.0 32.2
0.0 0.0 32.2
0.0 0.0 32.2
0.0 0.0 32.2
0.0 0.0 32.2
0.0 0.0 32.2
0.0 0.0 32.2
0.0 0.0 32.2
0.0 0.0 31.1
0.0 0.0 31.1
0.0 0.0 31.1
0.0 0.0 31.1
0.0 0.0 31.1
15.0 0.0 31.1
0.0 0.0 31.1
0.0 0.0 31.1
16.0 0.0 31.1
0.0 0.0 31.1
15.0 0.0 31.1
0.0 0.0 31.1
0.0 0.0 31.1
0.0 0.0 31.1
15.0 0.0 31.1
0.0 0.0 31.1
0.0 15.0 31.1
0.0 0.0 31.1
16.0 0.0 37.4
0.0 0.0 37.4
15.0 0.0 37.4
0.0 0.0 37.4
0.0 0.0 37.4
0.0 0.0 37.4
16.0 0.0 37.4
0.0 0.0 37.4
0.0 0.0 37.4
16.0 0.0 37.4
0.0 0.0 37.4
0.0 0.0 37.4
0.0 0.0 37.4
0.0 0.0 37.4
0.0 0.0 37.4
0.0 0.0 37.4
1.0 0.0 29.3
0.0 0.0 29.3
0.0 0.0 29.3
0.0 0.0 29.3
0.0 0.0 29.3
0.0 0.0 29.3
0.0 0.0 29.3
0.0 0.0 29.3
0.0 0.0 29.3
0.0 0.0 29.3
0.0 0.0 29.3
0.0 0.0 29.3
0.0 0.0 29.3
0.0 0.0 29.3
0.0 0.0 29.3
0.0 0.0 29.3
0.0 0.0 29.3
16.0 0.0 29.3
0.0 0.0 33.4
0.0 0.0 33.4
15.0 0.0 33.4
0.0 0.0 33.4
0.0 0.0 33.4
16.0 0.0 33.4
0.0 0.0 33.4
16.0 0.0 33.4
0.0 0.0 33.4
0.0 0.0 33.4
0.0 0.0 33.4
0.0 0.0 33.4
0.0 0.0 33.4
0.0 0.0 33.4
0.0 0.0 33.4
0.0 0.0 33.4
0.0 0.0 28.2
0.0 0.0 28.2
0.0 0.0 28.2
0.0 0.0 28.2
0.0 0.0 28.2
0.0 0.0 28.2
0.0 0.0 28.2
0.0 0.0 28.2
16.0 0.0 28.2
16.0 0.0 28.2
0.0 0.0 28.2
0.0 0.0 28.2
0.0 0.0 28.2
0.0 0.0 28.2
0.0 0.0 28.2
0.0 0.0 28.2
0.0 0.0 28.2
0.0 0.0 32.1
0.0 0.0 32.1
0.0 0.0 32.1
0.0 0.0 32.1
16.0 0.0 32.1
0.0 0.0 32.1
0.0 0.0 32.1
0.0 0.0 32.1
0.0 0.0 32.1
0.0 0.0 32.1
0.0 0.0 32.1
31.0 0.0 32.1
0.0 0.0 32.1
0.0 0.0 32.1
0.0 16.0 32.1
0.0 0.0 32.1
0.0 0.0 31.5
0.0 0.0 31.5
0.0 0.0 31.5
0.0 0.0 31.5
0.0 0.0 31.5
16.0 0.0 31.5
0.0 0.0 31.5
0.0 0.0 31.5
0.0 0.0 31.5
0.0 0.0 31.5
0.0 0.0 31.5
0.0 0.0 31.5
0.0 0.0 31.5
0.0 0.0 31.5
0.0 0.0 31.5
0.0 0.0 31.5
0.0 0.0 31.5
0.0 0.0 27.0
0.0 0.0 27.0
0.0 0.0 27.0
0.0 0.0 27.0
0.0 0.0 27.0
16.0 0.0 27.0
0.0 0.0 27.0
0.0 0.0 27.0
0.0 0.0 27.0
0.0 0.0 27.0
16.0 0.0 27.0
0.0 0.0 27.0
0.0 15.0 27.0
15.0 0.0 27.0
0.0 0.0 27.0
0.0 0.0 32.0
0.0 15.0 32.0
0.0 0.0 32.0
0.0 0.0 32.0
0.0 0.0 32.0
0.0 15.0 32.0
0.0 0.0 32.0
0.0 0.0 32.0
0.0 0.0 32.0
0.0 0.0 32.0
0.0 0.0 32.0
0.0 0.0 32.0
15.0 0.0 32.0
0.0 0.0 32.0
0.0 0.0 32.0
0.0 0.0 32.0
0.0 0.0 32.0
0.0 0.0 28.1
15.0 0.0 28.1
0.0 0.0 28.1
0.0 0.0 28.1
0.0 0.0 28.1
0.0 0.0 28.1
0.0 0.0 28.1
15.0 0.0 28.1
0.0 0.0 28.1
0.0 0.0 28.1
0.0 0.0 28.1
0.0 0.0 28.1
0.0 0.0 28.1
0.0 0.0 28.1
0.0 0.0 28.1
0.0 0.0 28.1
0.0 0.0 28.1
0.0 0.0 47.7
0.0 0.0 47.7
0.0 0.0 47.7
16.0 0.0 47.7
0.0 0.0 47.7
0.0 0.0 47.7
15.0 0.0 47.7
0.0 0.0 47.7
0.0 0.0 47.7
0.0 0.0 47.7
Numero de fallas:0
Prueba 5
T1 T2 %Carga
0.0 0.0 37.4
0.0 0.0 37.4
0.0 0.0 37.4
16.0 0.0 37.4
0.0 0.0 37.4
0.0 16.0 37.4
171.0 16.0 37.4
0.0 0.0 37.4
171.0 16.0 37.4
15.0 0.0 37.4
16.0 0.0 37.4
0.0 0.0 37.4
0.0 0.0 37.4
16.0 0.0 37.4
0.0 0.0 37.4
0.0 0.0 37.4
0.0 0.0 37.4
0.0 0.0 37.4
0.0 0.0 37.4
0.0 0.0 37.4
0.0 0.0 37.4
0.0 0.0 37.4
15.0 0.0 37.4
0.0 0.0 37.4
0.0 0.0 37.4
15.0 0.0 37.4
0.0 0.0 37.4
0.0 0.0 37.4
16.0 0.0 37.4
0.0 0.0 37.4
0.0 0.0 37.4
0.0 0.0 37.4
16.0 0.0 37.4
16.0 0.0 37.4
0.0 0.0 47.9
0.0 0.0 47.9
0.0 0.0 47.9
0.0 0.0 47.9
0.0 0.0 47.9
0.0 0.0 47.9
0.0 0.0 47.9
0.0 0.0 47.9
0.0 0.0 47.9
0.0 0.0 47.9
0.0 0.0 47.9
16.0 0.0 47.9
0.0 0.0 47.9
0.0 0.0 47.9
0.0 0.0 47.9
0.0 0.0 47.9
0.0 0.0 47.9
0.0 0.0 47.9
0.0 0.0 47.9
0.0 0.0 47.9
0.0 0.0 47.9
0.0 0.0 47.9
0.0 0.0 46.9
0.0 0.0 46.9
0.0 0.0 46.9
16.0 0.0 46.9
0.0 0.0 46.9
0.0 0.0 46.9
15.0 0.0 46.9
16.0 0.0 46.9
0.0 0.0 46.9
0.0 0.0 46.9
0.0 0.0 46.9
16.0 0.0 46.9
16.0 0.0 46.9
0.0 0.0 46.9
0.0 0.0 46.9
0.0 0.0 46.9
0.0 15.0 46.9
0.0 0.0 46.9
0.0 0.0 46.9
0.0 0.0 46.9
0.0 0.0 46.5
0.0 0.0 46.5
0.0 0.0 46.5
0.0 0.0 46.5
0.0 0.0 46.5
0.0 0.0 46.5
0.0 0.0 46.5
0.0 0.0 46.5
15.0 0.0 46.5
0.0 0.0 46.5
0.0 0.0 46.5
0.0 0.0 46.5
0.0 0.0 46.5
16.0 0.0 46.5
0.0 0.0 46.5
32.0 0.0 46.5
0.0 0.0 46.5
0.0 0.0 46.5
15.0 0.0 46.5
0.0 0.0 46.5
0.0 0.0 46.5
0.0 16.0 46.5
16.0 0.0 46.5
0.0 0.0 46.5
0.0 0.0 54.1
0.0 0.0 54.1
0.0 16.0 54.1
0.0 0.0 54.1
0.0 0.0 54.1
0.0 0.0 54.1
0.0 0.0 54.1
0.0 0.0 54.1
0.0 0.0 54.1
0.0 0.0 54.1
0.0 0.0 54.1
0.0 0.0 54.1
0.0 0.0 54.1
0.0 0.0 54.1
0.0 0.0 54.1
15.0 0.0 54.1
0.0 0.0 54.1
0.0 0.0 54.1
0.0 0.0 54.1
0.0 0.0 54.1
0.0 0.0 54.1
0.0 0.0 54.1
0.0 0.0 28.1
0.0 0.0 28.1
0.0 0.0 28.1
0.0 0.0 28.1
0.0 0.0 28.1
0.0 0.0 28.1
0.0 0.0 28.1
0.0 0.0 28.1
0.0 0.0 28.1
0.0 0.0 28.1
0.0 0.0 28.1
0.0 0.0 28.1
0.0 0.0 28.1
0.0 0.0 28.1
1.0 0.0 28.1
0.0 0.0 28.1
0.0 0.0 28.1
0.0 0.0 28.1
0.0 0.0 30.7
0.0 0.0 30.7
0.0 0.0 30.7
0.0 0.0 30.7
0.0 0.0 30.7
0.0 0.0 30.7
16.0 0.0 30.7
0.0 15.0 30.7
0.0 0.0 30.7
0.0 0.0 30.7
0.0 0.0 30.7
0.0 0.0 30.7
0.0 0.0 30.7
0.0 0.0 30.7
0.0 0.0 30.7
0.0 0.0 39.1
0.0 0.0 39.1
0.0 0.0 39.1
0.0 0.0 39.1
0.0 0.0 39.1
0.0 0.0 39.1
0.0 0.0 39.1
0.0 0.0 39.1
0.0 0.0 39.1
0.0 0.0 39.1
0.0 0.0 39.1
0.0 0.0 39.1
0.0 0.0 39.1
0.0 0.0 39.1
0.0 0.0 39.1
0.0 0.0 39.1
16.0 0.0 39.1
0.0 0.0 39.1
16.0 0.0 39.1
0.0 0.0 37.5
0.0 0.0 37.5
0.0 0.0 37.5
16.0 0.0 37.5
0.0 0.0 37.5
0.0 0.0 37.5
0.0 0.0 37.5
0.0 0.0 37.5
15.0 0.0 37.5
0.0 0.0 37.5
0.0 0.0 37.5
0.0 0.0 37.5
0.0 0.0 37.5
15.0 0.0 37.5
0.0 0.0 37.5
0.0 0.0 37.5
15.0 0.0 37.5
0.0 0.0 32.4
0.0 0.0 32.4
0.0 0.0 32.4
0.0 0.0 32.4
0.0 0.0 32.4
0.0 0.0 32.4
0.0 0.0 32.4
0.0 0.0 32.4
0.0 0.0 32.4
0.0 0.0 32.4
0.0 0.0 32.4
0.0 0.0 32.4
0.0 0.0 32.4
16.0 0.0 32.4
0.0 0.0 32.4
0.0 0.0 32.4
0.0 0.0 33.3
0.0 0.0 33.3
0.0 0.0 33.3
0.0 0.0 33.3
0.0 0.0 33.3
0.0 0.0 33.3
0.0 0.0 33.3
0.0 0.0 33.3
0.0 0.0 33.3
16.0 0.0 33.3
16.0 0.0 33.3
0.0 0.0 33.3
0.0 0.0 33.3
0.0 0.0 33.3
0.0 0.0 33.3
0.0 0.0 33.3
0.0 0.0 33.3
0.0 0.0 33.3
0.0 0.0 33.3
0.0 0.0 27.1
15.0 0.0 27.1
0.0 0.0 27.1
0.0 0.0 27.1
0.0 0.0 27.1
0.0 0.0 27.1
0.0 0.0 27.1
16.0 0.0 27.1
0.0 0.0 27.1
0.0 0.0 27.1
0.0 0.0 27.1
16.0 0.0 27.1
0.0 0.0 27.1
0.0 0.0 27.1
0.0 0.0 27.1
0.0 0.0 27.1
0.0 0.0 27.1
0.0 0.0 42.0
0.0 0.0 42.0
0.0 0.0 42.0
0.0 0.0 42.0
0.0 0.0 42.0
0.0 0.0 42.0
0.0 0.0 42.0
0.0 0.0 42.0
0.0 0.0 42.0
0.0 0.0 42.0
0.0 0.0 42.0
0.0 0.0 42.0
0.0 0.0 42.0
0.0 0.0 42.0
0.0 0.0 42.0
0.0 0.0 42.0
0.0 0.0 49.9
16.0 0.0 49.9
0.0 0.0 49.9
0.0 0.0 49.9
16.0 0.0 49.9
0.0 0.0 49.9
15.0 0.0 49.9
0.0 0.0 49.9
0.0 0.0 49.9
0.0 0.0 49.9
0.0 0.0 49.9
0.0 0.0 49.9
0.0 0.0 49.9
0.0 0.0 49.9
0.0 0.0 49.9
0.0 0.0 49.9
0.0 0.0 49.9
0.0 0.0 49.9
0.0 0.0 49.9
0.0 0.0 49.9
0.0 0.0 49.5
0.0 0.0 49.5
0.0 0.0 49.5
0.0 0.0 49.5
0.0 0.0 49.5
0.0 16.0 49.5
0.0 0.0 49.5
0.0 0.0 49.5
15.0 0.0 49.5
0.0 0.0 49.5
0.0 0.0 49.5
0.0 0.0 49.5
0.0 0.0 49.5
0.0 0.0 49.5
0.0 0.0 49.5
0.0 0.0 31.5
0.0 0.0 31.5
0.0 0.0 31.5
0.0 0.0 31.5
0.0 0.0 31.5
0.0 0.0 31.5
0.0 0.0 31.5
0.0 0.0 31.5
0.0 0.0 31.5
0.0 0.0 31.5
0.0 0.0 31.5
0.0 0.0 31.5
0.0 0.0 31.5
0.0 0.0 31.5
0.0 0.0 31.5
0.0 0.0 31.5
0.0 0.0 29.1
0.0 16.0 29.1
0.0 0.0 29.1
0.0 0.0 29.1
0.0 0.0 29.1
0.0 0.0 29.1
0.0 0.0 29.1
0.0 0.0 29.1
0.0 0.0 29.1
0.0 0.0 29.1
0.0 0.0 29.1
0.0 0.0 29.1
0.0 0.0 29.1
0.0 0.0 29.1
1.0 0.0 29.1
0.0 0.0 29.1
0.0 0.0 29.1
0.0 0.0 29.1
0.0 0.0 33.3
0.0 0.0 33.3
0.0 0.0 33.3
0.0 0.0 33.3
0.0 0.0 33.3
0.0 0.0 33.3
0.0 0.0 33.3
0.0 0.0 33.3
16.0 0.0 33.3
0.0 0.0 33.3
0.0 0.0 33.3
0.0 0.0 33.3
0.0 0.0 33.3
0.0 0.0 33.3
0.0 0.0 33.3
0.0 0.0 33.3
0.0 0.0 33.3
0.0 0.0 33.3
0.0 0.0 33.3
0.0 0.0 31.4
0.0 0.0 31.4
0.0 0.0 31.4
16.0 0.0 31.4
0.0 0.0 31.4
0.0 0.0 31.4
31.0 0.0 31.4
0.0 0.0 31.4
0.0 0.0 31.4
0.0 0.0 31.4
0.0 0.0 31.4
0.0 0.0 31.4
0.0 0.0 31.4
0.0 0.0 31.4
0.0 0.0 31.4
16.0 0.0 31.4
0.0 0.0 31.8
0.0 0.0 31.8
0.0 0.0 31.8
0.0 0.0 31.8
0.0 0.0 31.8
0.0 0.0 31.8
15.0 0.0 31.8
0.0 0.0 31.8
16.0 0.0 31.8
0.0 0.0 31.8
0.0 0.0 31.8
0.0 0.0 31.8
16.0 0.0 31.8
16.0 0.0 31.8
0.0 0.0 31.8
0.0 0.0 31.8
0.0 0.0 31.8
0.0 0.0 31.8
15.0 0.0 27.8
15.0 0.0 27.8
0.0 0.0 27.8
0.0 0.0 27.8
0.0 0.0 27.8
0.0 0.0 27.8
1.0 0.0 27.8
0.0 0.0 27.8
0.0 0.0 27.8
0.0 0.0 27.8
0.0 16.0 27.8
0.0 0.0 27.8
0.0 0.0 27.8
0.0 0.0 27.8
0.0 0.0 27.8
0.0 0.0 27.8
0.0 0.0 27.8
0.0 0.0 27.8
0.0 0.0 28.5
Numero de fallas:0
Prueba 6
T1 T2 %Carga
0.0 0.0 0.0
0.0 0.0 0.0
0.0 0.0 0.0
0.0 0.0 0.0
0.0 0.0 0.0
172.0 15.0 0.0
16.0 0.0 0.0
0.0 0.0 0.0
15.0 0.0 0.0
0.0 0.0 0.0
15.0 0.0 0.0
0.0 0.0 0.0
0.0 0.0 0.0
0.0 0.0 0.0
16.0 0.0 0.0
0.0 0.0 0.0
0.0 0.0 0.0
0.0 0.0 0.0
172.0 15.0 0.0
0.0 0.0 0.0
0.0 0.0 0.0
0.0 0.0 0.0
0.0 0.0 0.0
0.0 0.0 0.0
16.0 0.0 0.0
0.0 0.0 0.0
16.0 0.0 0.0
0.0 0.0 0.0
0.0 0.0 0.0
0.0 0.0 0.0
0.0 0.0 0.0
0.0 0.0 0.0
0.0 0.0 0.0
0.0 0.0 NaN
0.0 0.0 56.2
0.0 0.0 37.4
0.0 0.0 62.5
0.0 0.0 62.5
0.0 0.0 62.5
0.0 0.0 62.5
0.0 0.0 62.5
0.0 0.0 62.5
0.0 0.0 62.5
0.0 0.0 62.5
0.0 0.0 62.5
0.0 0.0 62.5
0.0 0.0 62.5
15.0 0.0 62.5
0.0 0.0 62.5
0.0 0.0 62.5
0.0 0.0 62.5
0.0 0.0 62.5
0.0 0.0 62.5
0.0 0.0 62.5
0.0 0.0 62.5
0.0 0.0 62.5
0.0 0.0 62.5
0.0 0.0 62.5
0.0 0.0 62.5
0.0 0.0 62.5
0.0 16.0 62.5
0.0 0.0 62.5
16.0 0.0 62.5
0.0 16.0 62.5
0.0 0.0 62.5
0.0 0.0 62.5
16.0 0.0 62.5
0.0 0.0 62.5
0.0 0.0 62.5
0.0 0.0 62.5
0.0 0.0 62.5
0.0 0.0 42.1
0.0 0.0 42.1
0.0 0.0 42.1
0.0 0.0 42.1
16.0 0.0 42.1
0.0 0.0 42.1
0.0 0.0 42.1
0.0 0.0 42.1
0.0 0.0 42.1
0.0 0.0 42.1
0.0 0.0 42.1
0.0 0.0 42.1
0.0 0.0 42.1
0.0 0.0 42.1
16.0 0.0 42.1
0.0 0.0 42.1
0.0 0.0 42.1
0.0 0.0 42.1
0.0 0.0 42.1
0.0 0.0 42.1
0.0 0.0 42.1
0.0 0.0 42.1
0.0 0.0 6.0
0.0 0.0 6.0
15.0 0.0 6.0
0.0 0.0 6.0
0.0 15.0 6.0
0.0 0.0 6.0
0.0 0.0 6.0
0.0 0.0 6.0
0.0 0.0 6.0
0.0 0.0 6.0
0.0 0.0 6.0
0.0 0.0 6.0
15.0 0.0 6.0
0.0 0.0 6.0
0.0 0.0 6.0
0.0 15.0 6.0
15.0 0.0 6.0
0.0 0.0 6.0
0.0 0.0 6.0
0.0 0.0 36.7
0.0 0.0 36.7
0.0 0.0 36.7
0.0 0.0 36.7
0.0 15.0 36.7
0.0 0.0 36.7
16.0 0.0 36.7
0.0 0.0 36.7
0.0 0.0 36.7
15.0 0.0 36.7
0.0 0.0 36.7
0.0 0.0 36.7
0.0 1.0 36.7
15.0 0.0 36.7
0.0 0.0 36.7
0.0 0.0 36.7
0.0 0.0 35.6
0.0 0.0 35.6
0.0 15.0 35.6
0.0 0.0 35.6
15.0 0.0 35.6
0.0 0.0 35.6
0.0 0.0 35.6
0.0 0.0 35.6
0.0 0.0 35.6
0.0 0.0 35.6
0.0 0.0 35.6
0.0 0.0 35.6
0.0 0.0 35.6
0.0 0.0 35.6
0.0 0.0 35.6
16.0 0.0 35.6
16.0 0.0 35.6
0.0 0.0 35.6
0.0 0.0 34.5
0.0 0.0 34.5
0.0 0.0 34.5
0.0 0.0 34.5
16.0 0.0 34.5
0.0 0.0 34.5
0.0 0.0 34.5
0.0 0.0 34.5
0.0 0.0 34.5
0.0 0.0 34.5
0.0 0.0 34.5
0.0 0.0 34.5
0.0 0.0 34.5
0.0 0.0 34.5
0.0 0.0 34.5
0.0 0.0 34.5
0.0 0.0 31.5
0.0 0.0 31.5
0.0 0.0 31.5
16.0 0.0 31.5
0.0 0.0 31.5
15.0 0.0 31.5
0.0 0.0 31.5
0.0 0.0 31.5
0.0 0.0 31.5
0.0 0.0 31.5
0.0 0.0 31.5
0.0 0.0 31.5
0.0 0.0 31.5
0.0 0.0 31.5
0.0 0.0 31.5
0.0 15.0 31.5
0.0 0.0 31.5
0.0 0.0 32.5
0.0 0.0 32.5
0.0 0.0 32.5
0.0 0.0 32.5
0.0 0.0 32.5
15.0 0.0 32.5
0.0 0.0 32.5
0.0 0.0 32.5
0.0 0.0 32.5
0.0 0.0 32.5
0.0 0.0 32.5
0.0 0.0 32.5
1.0 0.0 32.5
0.0 0.0 32.5
0.0 0.0 32.5
0.0 0.0 32.5
0.0 0.0 43.7
0.0 0.0 43.7
15.0 0.0 43.7
0.0 0.0 43.7
16.0 0.0 43.7
0.0 0.0 43.7
0.0 0.0 43.7
0.0 0.0 43.7
0.0 0.0 43.7
16.0 0.0 43.7
0.0 0.0 43.7
0.0 0.0 43.7
16.0 0.0 43.7
16.0 0.0 43.7
0.0 0.0 43.7
0.0 0.0 43.7
0.0 0.0 43.7
15.0 0.0 43.7
0.0 0.0 29.2
0.0 0.0 29.2
0.0 0.0 29.2
0.0 0.0 29.2
0.0 16.0 29.2
0.0 0.0 29.2
0.0 0.0 29.2
0.0 0.0 29.2
0.0 0.0 29.2
0.0 0.0 29.2
0.0 0.0 29.2
0.0 0.0 29.2
0.0 0.0 29.2
0.0 0.0 29.2
0.0 0.0 29.2
0.0 0.0 29.2
0.0 0.0 49.9
0.0 0.0 49.9
16.0 0.0 49.9
0.0 0.0 49.9
0.0 0.0 49.9
0.0 0.0 49.9
0.0 0.0 49.9
0.0 0.0 49.9
0.0 16.0 49.9
0.0 0.0 49.9
0.0 0.0 49.9
0.0 0.0 49.9
0.0 0.0 49.9
16.0 0.0 49.9
0.0 0.0 49.9
0.0 0.0 49.9
0.0 0.0 49.9
0.0 0.0 49.9
0.0 0.0 33.8
0.0 0.0 33.8
15.0 0.0 33.8
0.0 0.0 33.8
0.0 0.0 33.8
0.0 0.0 33.8
0.0 0.0 33.8
0.0 0.0 33.8
15.0 0.0 33.8
0.0 0.0 33.8
15.0 0.0 33.8
0.0 0.0 33.8
0.0 0.0 33.8
0.0 0.0 33.8
15.0 0.0 33.8
0.0 0.0 33.8
0.0 0.0 41.6
16.0 0.0 41.6
0.0 0.0 41.6
0.0 0.0 41.6
16.0 0.0 41.6
0.0 0.0 41.6
0.0 0.0 41.6
0.0 0.0 41.6
0.0 0.0 41.6
0.0 0.0 41.6
0.0 0.0 41.6
0.0 0.0 41.6
0.0 0.0 41.6
0.0 0.0 41.6
0.0 0.0 41.6
0.0 0.0 41.6
0.0 0.0 41.6
0.0 0.0 41.6
0.0 0.0 41.6
0.0 0.0 28.1
0.0 0.0 28.1
0.0 0.0 28.1
0.0 0.0 28.1
0.0 0.0 28.1
0.0 0.0 28.1
0.0 0.0 28.1
0.0 16.0 28.1
0.0 16.0 28.1
0.0 0.0 28.1
0.0 0.0 28.1
0.0 0.0 28.1
0.0 0.0 28.1
0.0 0.0 28.1
0.0 0.0 28.1
0.0 0.0 28.1
0.0 0.0 28.1
0.0 0.0 24.9
0.0 0.0 24.9
0.0 0.0 24.9
0.0 0.0 24.9
0.0 0.0 24.9
15.0 0.0 24.9
0.0 0.0 24.9
0.0 0.0 24.9
15.0 0.0 24.9
0.0 0.0 24.9
0.0 0.0 24.9
0.0 0.0 24.9
0.0 0.0 24.9
0.0 0.0 24.9
0.0 0.0 24.9
0.0 0.0 24.9
0.0 0.0 24.9
0.0 0.0 13.8
0.0 0.0 13.8
0.0 0.0 13.8
0.0 0.0 13.8
0.0 0.0 13.8
0.0 0.0 13.8
0.0 0.0 13.8
0.0 0.0 13.8
0.0 0.0 13.8
0.0 0.0 13.8
0.0 0.0 13.8
0.0 15.0 13.8
0.0 0.0 13.8
0.0 0.0 13.8
0.0 0.0 13.8
0.0 0.0 13.8
0.0 0.0 13.8
0.0 0.0 50.0
0.0 0.0 50.0
0.0 0.0 50.0
0.0 0.0 50.0
0.0 0.0 50.0
0.0 0.0 50.0
0.0 0.0 50.0
0.0 0.0 50.0
0.0 0.0 50.0
0.0 0.0 50.0
0.0 0.0 50.0
0.0 0.0 50.0
0.0 0.0 50.0
16.0 0.0 50.0
0.0 0.0 50.0
0.0 0.0 50.0
0.0 0.0 50.0
0.0 0.0 50.0
0.0 0.0 36.1
0.0 0.0 36.1
1.0 0.0 36.1
0.0 0.0 36.1
16.0 0.0 36.1
0.0 0.0 36.1
0.0 0.0 36.1
0.0 0.0 36.1
15.0 0.0 36.1
0.0 0.0 36.1
0.0 0.0 36.1
0.0 0.0 36.1
0.0 0.0 36.1
0.0 0.0 36.1
0.0 0.0 36.1
15.0 0.0 36.1
15.0 0.0 28.1
0.0 0.0 28.1
0.0 0.0 28.1
0.0 0.0 28.1
0.0 0.0 28.1
0.0 0.0 28.1
0.0 0.0 28.1
0.0 0.0 28.1
16.0 0.0 28.1
0.0 0.0 28.1
0.0 0.0 28.1
15.0 0.0 28.1
0.0 0.0 28.1
0.0 0.0 28.1
0.0 0.0 28.1
0.0 0.0 28.1
0.0 0.0 24.9
0.0 15.0 24.9
0.0 0.0 24.9
16.0 0.0 24.9
0.0 0.0 24.9
0.0 0.0 24.9
15.0 0.0 24.9
0.0 0.0 24.9
0.0 0.0 24.9
0.0 0.0 24.9
0.0 0.0 24.9
0.0 0.0 24.9
0.0 0.0 24.9
0.0 15.0 24.9
0.0 0.0 24.9
0.0 0.0 24.9
0.0 0.0 24.9
Numero de fallas:0
Prueba 7
T1 T2 %Carga
0.0 0.0 37.5
0.0 0.0 37.5
0.0 0.0 37.5
0.0 0.0 37.5
0.0 0.0 37.5
15.0 0.0 37.5
15.0 0.0 37.5
0.0 0.0 37.5
15.0 0.0 37.5
0.0 0.0 37.5
0.0 0.0 37.5
0.0 0.0 37.5
0.0 0.0 37.5
0.0 0.0 37.5
0.0 0.0 37.5
0.0 0.0 37.5
172.0 16.0 37.5
0.0 0.0 37.5
0.0 0.0 37.5
0.0 0.0 37.5
172.0 16.0 37.5
0.0 15.0 37.5
16.0 0.0 37.5
0.0 0.0 37.5
0.0 0.0 37.5
0.0 0.0 37.5
0.0 0.0 37.5
0.0 0.0 37.5
0.0 0.0 37.5
0.0 0.0 50.3
0.0 0.0 70.8
0.0 0.0 37.4
0.0 0.0 45.8
0.0 0.0 37.5
0.0 0.0 33.3
0.0 0.0 41.6
0.0 0.0 21.2
0.0 0.0 50.0
0.0 0.0 50.0
0.0 0.0 41.6
0.0 0.0 41.6
0.0 0.0 41.6
0.0 0.0 20.0
0.0 0.0 48.4
16.0 0.0 48.4
0.0 0.0 25.0
0.0 0.0 31.2
0.0 0.0 0.0
16.0 0.0 12.4
0.0 0.0 0.0
0.0 0.0 37.5
16.0 0.0 0.0
0.0 0.0 25.0
0.0 0.0 37.4
0.0 0.0 37.4
0.0 0.0 37.4
0.0 0.0 0.0
0.0 0.0 24.9
0.0 0.0 24.9
0.0 0.0 25.0
0.0 0.0 37.4
15.0 0.0 18.7
15.0 0.0 100.0
0.0 0.0 0.0
0.0 0.0 100.0
0.0 0.0 0.0
0.0 0.0 0.0
0.0 0.0 0.0
0.0 0.0 0.0
0.0 0.0 0.0
0.0 0.0 0.0
16.0 0.0 0.0
16.0 0.0 0.0
0.0 0.0 0.0
0.0 0.0 0.0
0.0 0.0 0.0
0.0 0.0 0.0
0.0 0.0 0.0
0.0 0.0 0.0
0.0 0.0 0.0
0.0 0.0 0.0
0.0 0.0 0.0
0.0 0.0 0.0
0.0 0.0 0.0
0.0 0.0 0.0
0.0 0.0 100.0
0.0 0.0 0.0
0.0 0.0 0.0
0.0 0.0 0.0
0.0 0.0 0.0
15.0 0.0 0.0
0.0 0.0 0.0
0.0 0.0 0.0
15.0 0.0 0.0
0.0 0.0 0.0
0.0 0.0 0.0
0.0 0.0 24.9
15.0 0.0 0.0
0.0 0.0 0.0
0.0 0.0 25.0
15.0 0.0 24.9
0.0 0.0 0.0
0.0 0.0 0.0
0.0 0.0 12.4
0.0 0.0 0.0
0.0 0.0 NaN
16.0 0.0 NaN
0.0 0.0 0.0
0.0 0.0 0.0
0.0 0.0 0.0
0.0 0.0 0.0
0.0 0.0 0.0
0.0 0.0 0.0
0.0 0.0 0.0
0.0 0.0 0.0
0.0 0.0 0.0
0.0 0.0 0.0
0.0 0.0 0.0
0.0 0.0 0.0
0.0 0.0 0.0
0.0 0.0 0.0
0.0 0.0 0.0
0.0 0.0 0.0
0.0 0.0 0.0
0.0 0.0 0.0
0.0 0.0 0.0
0.0 0.0 0.0
0.0 0.0 0.0
0.0 0.0 0.0
0.0 0.0 0.0
0.0 16.0 0.0
0.0 0.0 0.0
0.0 0.0 0.0
0.0 0.0 0.0
0.0 0.0 0.0
0.0 0.0 0.0
0.0 0.0 0.0
0.0 0.0 0.0
0.0 0.0 0.0
0.0 0.0 0.0
0.0 0.0 0.0
0.0 0.0 0.0
0.0 0.0 0.0
0.0 0.0 0.0
0.0 0.0 0.0
0.0 0.0 0.0
0.0 0.0 0.0
0.0 0.0 0.0
0.0 0.0 0.0
0.0 0.0 0.0
0.0 0.0 0.0
0.0 0.0 0.0
0.0 0.0 0.0
0.0 0.0 0.0
15.0 16.0 0.0
0.0 0.0 0.0
0.0 0.0 0.0
0.0 0.0 0.0
0.0 0.0 0.0
15.0 0.0 0.0
0.0 0.0 36.6
0.0 0.0 36.6
0.0 0.0 36.6
0.0 0.0 36.6
15.0 0.0 36.6
0.0 0.0 36.6
0.0 0.0 36.6
0.0 0.0 36.6
0.0 0.0 36.6
0.0 0.0 36.6
0.0 0.0 36.6
0.0 0.0 36.6
0.0 0.0 36.6
0.0 0.0 36.6
0.0 0.0 36.6
0.0 0.0 36.6
0.0 0.0 24.9
0.0 0.0 24.9
0.0 0.0 24.9
0.0 0.0 24.9
0.0 0.0 24.9
0.0 0.0 24.9
0.0 0.0 24.9
0.0 0.0 24.9
0.0 0.0 24.9
0.0 0.0 24.9
0.0 0.0 24.9
0.0 0.0 24.9
0.0 0.0 24.9
0.0 0.0 24.9
0.0 0.0 24.9
0.0 0.0 24.9
1.0 0.0 24.9
0.0 0.0 37.4
16.0 0.0 37.4
0.0 0.0 37.4
0.0 0.0 37.4
0.0 0.0 37.4
0.0 0.0 37.4
0.0 0.0 37.4
0.0 0.0 37.4
0.0 0.0 37.4
0.0 0.0 37.4
0.0 0.0 37.4
0.0 0.0 37.4
0.0 0.0 37.4
0.0 0.0 37.4
0.0 0.0 37.4
15.0 0.0 37.4
16.0 0.0 37.4
0.0 0.0 37.5
0.0 16.0 37.5
0.0 0.0 37.5
0.0 0.0 37.5
0.0 0.0 37.5
0.0 0.0 37.5
0.0 0.0 37.5
0.0 0.0 37.5
0.0 0.0 37.5
0.0 0.0 37.5
0.0 0.0 37.5
0.0 0.0 37.5
0.0 0.0 37.5
0.0 0.0 37.5
0.0 0.0 37.5
0.0 0.0 37.5
0.0 0.0 37.5
0.0 0.0 37.5
0.0 0.0 41.6
0.0 0.0 41.6
0.0 0.0 41.6
0.0 0.0 41.6
0.0 0.0 41.6
0.0 0.0 41.6
0.0 0.0 41.6
0.0 0.0 41.6
0.0 0.0 41.6
0.0 0.0 41.6
0.0 0.0 41.6
0.0 0.0 41.6
0.0 0.0 41.6
0.0 0.0 41.6
0.0 0.0 41.6
0.0 0.0 41.6
0.0 0.0 41.6
0.0 0.0 41.6
0.0 0.0 37.4
0.0 0.0 37.4
0.0 0.0 37.4
0.0 0.0 37.4
0.0 0.0 37.4
0.0 0.0 37.4
16.0 0.0 37.4
0.0 0.0 37.4
15.0 0.0 37.4
0.0 0.0 37.4
0.0 0.0 37.4
0.0 0.0 37.4
1.0 0.0 37.4
0.0 0.0 37.4
0.0 0.0 37.4
0.0 0.0 37.4
0.0 0.0 37.4
0.0 0.0 37.4
15.0 0.0 33.7
16.0 0.0 33.7
0.0 0.0 33.7
0.0 0.0 33.7
16.0 0.0 33.7
0.0 0.0 33.7
0.0 0.0 33.7
0.0 0.0 33.7
0.0 0.0 33.7
0.0 0.0 33.7
0.0 0.0 33.7
0.0 0.0 33.7
0.0 0.0 33.7
0.0 0.0 33.7
0.0 0.0 33.7
0.0 0.0 33.7
0.0 0.0 33.7
0.0 0.0 37.5
0.0 0.0 37.5
0.0 0.0 37.5
0.0 0.0 37.5
16.0 0.0 37.5
0.0 0.0 37.5
0.0 0.0 37.5
0.0 0.0 37.5
0.0 0.0 37.5
2.0 0.0 37.5
0.0 0.0 37.5
0.0 0.0 37.5
0.0 0.0 37.5
0.0 0.0 37.5
0.0 0.0 37.5
0.0 0.0 37.5
0.0 0.0 37.4
0.0 0.0 37.4
0.0 0.0 37.4
0.0 0.0 37.4
16.0 0.0 37.4
0.0 0.0 37.4
0.0 0.0 37.4
0.0 0.0 37.4
0.0 0.0 37.4
0.0 0.0 37.4
0.0 0.0 37.4
16.0 0.0 37.4
0.0 0.0 37.4
16.0 0.0 37.4
0.0 0.0 37.4
0.0 0.0 37.4
0.0 0.0 37.4
16.0 0.0 37.4
0.0 0.0 0.0
0.0 0.0 0.0
0.0 0.0 0.0
0.0 0.0 0.0
16.0 0.0 0.0
0.0 0.0 0.0
0.0 0.0 0.0
0.0 0.0 0.0
0.0 0.0 0.0
0.0 0.0 0.0
0.0 0.0 0.0
0.0 0.0 0.0
0.0 0.0 0.0
0.0 0.0 0.0
0.0 0.0 0.0
0.0 0.0 0.0
0.0 0.0 0.0
0.0 0.0 0.0
0.0 0.0 0.0
0.0 0.0 29.5
16.0 0.0 29.5
15.0 0.0 29.5
0.0 0.0 29.5
0.0 0.0 29.5
0.0 0.0 29.5
0.0 0.0 29.5
0.0 0.0 29.5
0.0 0.0 29.5
0.0 0.0 29.5
0.0 0.0 29.5
0.0 0.0 29.5
16.0 0.0 29.5
0.0 0.0 29.5
0.0 0.0 29.5
0.0 0.0 29.5
0.0 0.0 29.5
0.0 0.0 38.2
0.0 0.0 38.2
0.0 0.0 38.2
0.0 0.0 38.2
0.0 0.0 38.2
15.0 0.0 38.2
0.0 0.0 38.2
0.0 0.0 38.2
0.0 0.0 38.2
0.0 0.0 38.2
0.0 0.0 38.2
0.0 0.0 38.2
0.0 0.0 38.2
0.0 0.0 38.2
0.0 0.0 38.2
0.0 0.0 38.2
0.0 0.0 37.5
0.0 0.0 37.5
0.0 0.0 37.5
0.0 0.0 37.5
0.0 0.0 37.5
0.0 0.0 37.5
0.0 0.0 37.5
0.0 0.0 37.5
15.0 0.0 37.5
0.0 0.0 37.5
0.0 0.0 37.5
0.0 0.0 37.5
0.0 0.0 37.5
0.0 0.0 37.5
16.0 0.0 37.5
0.0 0.0 37.5
0.0 0.0 37.5
0.0 0.0 37.5
0.0 0.0 37.5
0.0 0.0 25.0
0.0 0.0 25.0
0.0 0.0 25.0
0.0 0.0 25.0
0.0 0.0 25.0
15.0 0.0 25.0
0.0 0.0 25.0
0.0 0.0 25.0
0.0 0.0 25.0
0.0 0.0 25.0
0.0 0.0 25.0
0.0 0.0 25.0
0.0 0.0 25.0
0.0 0.0 25.0
Numero de fallas:0
Prueba 8
T1 T2 %Carga
0.0 0.0 0.0
0.0 0.0 0.0
0.0 0.0 0.0
2.0 0.0 0.0
0.0 0.0 0.0
0.0 0.0 0.0
16.0 0.0 0.0
0.0 0.0 0.0
0.0 0.0 0.0
0.0 0.0 0.0
0.0 0.0 0.0
0.0 0.0 0.0
0.0 0.0 0.0
0.0 0.0 0.0
0.0 0.0 0.0
0.0 0.0 0.0
16.0 0.0 0.0
0.0 0.0 0.0
0.0 0.0 0.0
0.0 0.0 0.0
172.0 15.0 0.0
0.0 0.0 0.0
16.0 0.0 0.0
31.0 0.0 0.0
0.0 0.0 0.0
0.0 0.0 0.0
0.0 0.0 0.0
0.0 0.0 0.0
0.0 0.0 0.0
172.0 15.0 0.0
0.0 0.0 0.0
15.0 0.0 0.0
0.0 0.0 0.0
0.0 0.0 0.0
0.0 0.0 0.0
0.0 0.0 0.0
0.0 16.0 46.8
0.0 0.0 46.8
0.0 0.0 46.8
0.0 0.0 46.8
0.0 0.0 46.8
0.0 0.0 46.8
0.0 0.0 46.8
0.0 0.0 46.8
0.0 0.0 46.8
0.0 0.0 46.8
0.0 0.0 46.8
0.0 0.0 46.8
0.0 0.0 46.8
0.0 0.0 46.8
0.0 0.0 46.8
0.0 0.0 46.8
0.0 0.0 46.8
0.0 0.0 46.8
0.0 0.0 46.8
0.0 0.0 46.8
0.0 0.0 46.8
0.0 0.0 46.8
0.0 0.0 46.8
0.0 0.0 68.7
0.0 0.0 68.7
0.0 0.0 68.7
0.0 0.0 68.7
16.0 0.0 68.7
0.0 0.0 68.7
0.0 0.0 68.7
0.0 0.0 68.7
0.0 0.0 68.7
0.0 0.0 68.7
16.0 0.0 68.7
0.0 0.0 68.7
0.0 0.0 68.7
0.0 0.0 68.7
0.0 0.0 68.7
0.0 16.0 68.7
0.0 0.0 68.7
0.0 0.0 68.7
0.0 0.0 68.7
0.0 0.0 68.7
0.0 0.0 68.7
16.0 0.0 68.7
0.0 0.0 68.7
0.0 0.0 68.7
0.0 0.0 68.7
15.0 0.0 68.7
0.0 0.0 68.7
15.0 0.0 25.0
0.0 0.0 25.0
0.0 0.0 25.0
0.0 0.0 25.0
0.0 0.0 25.0
0.0 0.0 25.0
0.0 0.0 25.0
15.0 0.0 25.0
0.0 0.0 25.0
0.0 0.0 25.0
0.0 0.0 25.0
16.0 0.0 25.0
0.0 0.0 25.0
0.0 0.0 25.0
0.0 0.0 25.0
0.0 0.0 25.0
0.0 0.0 25.0
0.0 0.0 25.0
0.0 0.0 25.0
0.0 0.0 25.0
0.0 0.0 25.0
0.0 0.0 21.7
0.0 0.0 21.7
0.0 0.0 21.7
0.0 0.0 21.7
0.0 0.0 21.7
0.0 0.0 21.7
0.0 0.0 21.7
0.0 0.0 21.7
0.0 0.0 21.7
0.0 0.0 21.7
0.0 0.0 21.7
0.0 0.0 21.7
0.0 0.0 21.7
0.0 0.0 21.7
0.0 0.0 21.7
0.0 0.0 21.7
0.0 0.0 21.7
16.0 0.0 64.7
0.0 0.0 64.7
0.0 0.0 64.7
16.0 0.0 64.7
0.0 0.0 64.7
0.0 0.0 64.7
0.0 0.0 64.7
0.0 0.0 64.7
0.0 0.0 64.7
0.0 0.0 64.7
0.0 0.0 64.7
0.0 0.0 64.7
0.0 0.0 64.7
0.0 0.0 64.7
0.0 0.0 64.7
16.0 0.0 64.7
0.0 0.0 64.7
0.0 0.0 64.7
0.0 16.0 64.7
0.0 0.0 25.1
0.0 0.0 25.1
16.0 0.0 25.1
16.0 0.0 25.1
0.0 0.0 25.1
15.0 0.0 25.1
0.0 0.0 25.1
0.0 0.0 25.1
0.0 0.0 25.1
16.0 0.0 25.1
0.0 0.0 25.1
16.0 0.0 25.1
0.0 0.0 25.1
0.0 0.0 25.1
0.0 0.0 25.1
0.0 0.0 25.1
0.0 0.0 28.1
0.0 0.0 28.1
0.0 0.0 28.1
0.0 0.0 28.1
0.0 0.0 28.1
0.0 0.0 28.1
0.0 0.0 28.1
0.0 0.0 28.1
16.0 0.0 28.1
0.0 0.0 28.1
0.0 0.0 28.1
16.0 0.0 28.1
0.0 0.0 28.1
0.0 0.0 28.1
0.0 0.0 28.1
0.0 0.0 28.1
0.0 0.0 28.1
0.0 0.0 37.5
16.0 0.0 37.5
15.0 0.0 37.5
0.0 0.0 37.5
0.0 0.0 37.5
15.0 0.0 37.5
0.0 0.0 37.5
0.0 0.0 37.5
0.0 0.0 37.5
0.0 0.0 37.5
15.0 0.0 37.5
0.0 0.0 37.5
0.0 0.0 37.5
0.0 0.0 37.5
0.0 0.0 37.5
0.0 0.0 37.5
0.0 0.0 37.5
0.0 0.0 37.5
0.0 0.0 37.5
0.0 0.0 31.5
0.0 0.0 31.5
0.0 0.0 31.5
0.0 0.0 31.5
15.0 0.0 31.5
0.0 0.0 31.5
0.0 0.0 31.5
0.0 0.0 31.5
0.0 0.0 31.5
0.0 0.0 31.5
16.0 0.0 31.5
15.0 0.0 31.5
0.0 0.0 31.5
0.0 0.0 31.5
0.0 0.0 31.5
0.0 0.0 31.5
0.0 0.0 25.0
0.0 0.0 25.0
0.0 0.0 25.0
0.0 0.0 25.0
0.0 0.0 25.0
0.0 0.0 25.0
0.0 0.0 25.0
0.0 0.0 25.0
0.0 16.0 25.0
0.0 0.0 25.0
0.0 0.0 25.0
0.0 0.0 25.0
0.0 0.0 25.0
16.0 0.0 25.0
0.0 0.0 25.0
0.0 0.0 25.0
16.0 0.0 25.0
0.0 0.0 25.0
0.0 0.0 31.3
0.0 0.0 31.3
0.0 0.0 31.3
0.0 0.0 31.3
0.0 0.0 31.3
0.0 0.0 31.3
0.0 0.0 31.3
15.0 0.0 31.3
0.0 0.0 31.3
0.0 0.0 31.3
0.0 0.0 31.3
0.0 0.0 31.3
0.0 0.0 31.3
0.0 0.0 31.3
0.0 0.0 31.3
16.0 0.0 31.3
0.0 0.0 31.3
0.0 0.0 35.5
0.0 0.0 35.5
0.0 0.0 35.5
0.0 0.0 35.5
0.0 0.0 35.5
0.0 0.0 35.5
0.0 0.0 35.5
0.0 0.0 35.5
16.0 0.0 35.5
0.0 0.0 35.5
0.0 0.0 35.5
0.0 0.0 35.5
0.0 0.0 35.5
0.0 0.0 35.5
0.0 0.0 35.5
16.0 0.0 35.5
0.0 0.0 35.5
15.0 0.0 33.3
0.0 0.0 33.3
0.0 0.0 33.3
0.0 0.0 33.3
0.0 0.0 33.3
0.0 0.0 33.3
0.0 0.0 33.3
0.0 0.0 33.3
0.0 0.0 33.3
0.0 0.0 33.3
0.0 0.0 33.3
0.0 0.0 33.3
0.0 0.0 33.3
0.0 0.0 33.3
0.0 0.0 33.3
0.0 0.0 33.3
15.0 0.0 33.3
16.0 0.0 33.3
0.0 0.0 33.3
0.0 0.0 33.6
16.0 0.0 33.6
0.0 0.0 33.6
16.0 0.0 33.6
0.0 0.0 33.6
0.0 0.0 33.6
0.0 0.0 33.6
15.0 0.0 33.6
0.0 0.0 33.6
0.0 0.0 33.6
0.0 0.0 33.6
0.0 0.0 33.6
0.0 0.0 33.6
0.0 0.0 33.6
0.0 0.0 33.6
0.0 0.0 37.4
15.0 0.0 37.4
0.0 0.0 37.4
0.0 0.0 37.4
0.0 0.0 37.4
0.0 0.0 37.4
0.0 0.0 37.4
0.0 0.0 37.4
0.0 0.0 37.4
0.0 0.0 37.4
0.0 0.0 37.4
0.0 0.0 37.4
0.0 0.0 37.4
0.0 0.0 37.4
0.0 0.0 37.4
0.0 0.0 37.4
0.0 0.0 37.4
0.0 0.0 37.4
0.0 0.0 28.1
0.0 0.0 28.1
15.0 16.0 28.1
0.0 0.0 28.1
0.0 0.0 28.1
0.0 0.0 28.1
0.0 0.0 28.1
16.0 0.0 28.1
0.0 0.0 28.1
0.0 0.0 28.1
0.0 0.0 28.1
0.0 0.0 28.1
0.0 0.0 28.1
0.0 0.0 28.1
0.0 0.0 28.1
0.0 0.0 28.1
0.0 0.0 37.5
0.0 0.0 37.5
0.0 0.0 37.5
0.0 0.0 37.5
0.0 0.0 37.5
15.0 0.0 37.5
0.0 0.0 37.5
0.0 0.0 37.5
0.0 0.0 37.5
0.0 0.0 37.5
0.0 0.0 37.5
16.0 0.0 37.5
0.0 0.0 37.5
0.0 0.0 37.5
0.0 16.0 37.5
0.0 0.0 37.5
0.0 0.0 37.5
0.0 0.0 37.5
16.0 0.0 37.5
0.0 0.0 37.5
0.0 0.0 37.5
0.0 0.0 37.5
0.0 0.0 37.5
0.0 0.0 37.5
0.0 0.0 37.5
0.0 0.0 37.5
0.0 0.0 37.5
0.0 0.0 37.5
0.0 0.0 37.5
0.0 0.0 37.5
0.0 0.0 37.5
0.0 0.0 37.5
0.0 0.0 37.5
0.0 0.0 37.5
0.0 0.0 37.5
0.0 0.0 37.5
0.0 0.0 25.2
0.0 0.0 25.2
0.0 0.0 25.2
0.0 0.0 25.2
0.0 0.0 25.2
0.0 0.0 25.2
0.0 15.0 25.2
0.0 0.0 25.2
0.0 0.0 25.2
16.0 0.0 25.2
0.0 0.0 25.2
0.0 0.0 25.2
0.0 0.0 25.2
0.0 0.0 25.2
0.0 0.0 31.3
0.0 0.0 31.3
0.0 0.0 31.3
0.0 0.0 31.3
0.0 0.0 31.3
0.0 0.0 31.3
0.0 0.0 31.3
0.0 0.0 31.3
15.0 16.0 31.3
0.0 0.0 31.3
0.0 0.0 31.3
0.0 0.0 31.3
0.0 0.0 31.3
0.0 0.0 31.3
0.0 0.0 31.3
0.0 0.0 31.3
0.0 0.0 31.3
16.0 0.0 31.3
0.0 0.0 36.8
Numero de fallas:0
Prueba 9
T1 T2 %Carga
164.0 32.0 45.8
0.0 0.0 45.8
0.0 0.0 45.8
1.0 15.0 45.8
0.0 0.0 45.8
0.0 0.0 45.8
0.0 0.0 45.8
0.0 0.0 45.8
1.0 0.0 45.8
0.0 0.0 45.8
15.0 0.0 45.8
16.0 0.0 45.8
0.0 0.0 45.8
164.0 32.0 45.8
0.0 0.0 45.8
0.0 0.0 45.8
0.0 0.0 45.8
0.0 0.0 45.8
0.0 0.0 45.8
0.0 16.0 45.8
0.0 0.0 45.8
0.0 0.0 45.8
0.0 15.0 45.8
0.0 0.0 45.8
0.0 0.0 45.8
0.0 0.0 45.8
0.0 0.0 45.8
31.0 0.0 45.8
16.0 0.0 45.8
0.0 0.0 45.8
0.0 0.0 45.8
0.0 0.0 45.8
15.0 0.0 45.8
0.0 0.0 45.8
0.0 0.0 45.8
0.0 0.0 45.8
0.0 0.0 45.8
0.0 0.0 100.0
16.0 0.0 41.6
0.0 0.0 41.6
0.0 0.0 41.6
0.0 0.0 41.6
0.0 0.0 41.6
0.0 0.0 41.6
0.0 0.0 41.6
1.0 0.0 41.6
0.0 0.0 41.6
0.0 0.0 41.6
0.0 0.0 41.6
0.0 0.0 41.6
0.0 0.0 41.6
0.0 0.0 41.6
0.0 0.0 41.6
0.0 0.0 41.6
0.0 0.0 41.6
0.0 0.0 41.6
0.0 0.0 41.6
0.0 0.0 41.6
16.0 0.0 41.6
0.0 0.0 41.6
0.0 0.0 43.7
0.0 0.0 43.7
0.0 0.0 43.7
0.0 0.0 43.7
0.0 16.0 43.7
15.0 0.0 43.7
0.0 0.0 43.7
0.0 0.0 43.7
15.0 0.0 43.7
2.0 0.0 43.7
16.0 0.0 43.7
16.0 0.0 43.7
0.0 0.0 43.7
0.0 0.0 43.7
0.0 0.0 43.7
0.0 0.0 43.7
0.0 0.0 43.7
15.0 0.0 43.7
0.0 0.0 43.7
0.0 0.0 43.7
0.0 0.0 43.7
15.0 0.0 37.5
0.0 0.0 37.5
0.0 0.0 37.5
0.0 0.0 37.5
15.0 0.0 37.5
0.0 0.0 37.5
16.0 0.0 37.5
0.0 0.0 37.5
15.0 0.0 37.5
0.0 0.0 37.5
0.0 0.0 37.5
0.0 0.0 37.5
0.0 0.0 37.5
0.0 0.0 37.5
0.0 0.0 37.5
0.0 0.0 37.5
0.0 0.0 37.5
0.0 0.0 37.5
0.0 0.0 37.5
0.0 0.0 37.5
0.0 0.0 37.5
0.0 0.0 37.5
0.0 0.0 37.4
0.0 15.0 37.4
0.0 0.0 37.4
0.0 0.0 37.4
16.0 0.0 37.4
0.0 0.0 37.4
0.0 0.0 37.4
0.0 0.0 37.4
15.0 0.0 37.4
0.0 0.0 37.4
0.0 0.0 37.4
15.0 0.0 37.4
0.0 0.0 37.4
0.0 0.0 37.4
0.0 0.0 37.4
0.0 0.0 37.4
16.0 0.0 37.4
0.0 0.0 37.4
16.0 0.0 37.4
0.0 0.0 37.4
16.0 0.0 37.4
0.0 0.0 37.4
15.0 0.0 37.4
0.0 0.0 37.4
16.0 0.0 37.4
0.0 0.0 37.4
0.0 0.0 37.4
0.0 0.0 37.4
0.0 0.0 37.4
0.0 0.0 37.4
0.0 0.0 37.4
0.0 0.0 37.4
0.0 0.0 37.4
15.0 0.0 37.4
0.0 0.0 37.4
0.0 0.0 37.4
0.0 0.0 37.4
0.0 0.0 37.4
0.0 0.0 37.4
0.0 0.0 37.4
0.0 0.0 12.4
0.0 0.0 12.4
0.0 0.0 12.4
0.0 0.0 12.4
0.0 0.0 12.4
0.0 0.0 12.4
0.0 0.0 12.4
16.0 0.0 12.4
0.0 0.0 12.4
0.0 0.0 12.4
0.0 0.0 12.4
0.0 0.0 12.4
0.0 0.0 12.4
0.0 0.0 12.4
0.0 0.0 12.4
16.0 0.0 12.4
0.0 0.0 0.0
0.0 0.0 0.0
0.0 0.0 0.0
0.0 0.0 0.0
0.0 0.0 0.0
0.0 0.0 0.0
0.0 0.0 0.0
0.0 0.0 0.0
0.0 0.0 0.0
16.0 0.0 0.0
0.0 0.0 0.0
0.0 0.0 0.0
0.0 0.0 0.0
0.0 0.0 0.0
0.0 0.0 0.0
16.0 0.0 0.0
0.0 0.0 0.0
0.0 0.0 28.1
0.0 0.0 28.1
0.0 15.0 28.1
0.0 0.0 28.1
0.0 0.0 28.1
0.0 0.0 28.1
0.0 0.0 28.1
0.0 0.0 28.1
0.0 0.0 28.1
0.0 0.0 28.1
0.0 0.0 28.1
0.0 0.0 28.1
0.0 0.0 28.1
0.0 0.0 28.1
16.0 0.0 28.1
0.0 0.0 28.1
0.0 0.0 28.1
16.0 0.0 39.7
16.0 0.0 39.7
0.0 0.0 39.7
0.0 0.0 39.7
0.0 0.0 39.7
0.0 0.0 39.7
0.0 0.0 39.7
0.0 0.0 39.7
0.0 0.0 39.7
0.0 0.0 39.7
0.0 0.0 39.7
0.0 0.0 39.7
0.0 0.0 39.7
0.0 0.0 39.7
0.0 0.0 39.7
0.0 0.0 39.7
0.0 0.0 39.7
0.0 0.0 39.7
0.0 0.0 28.4
0.0 0.0 28.4
0.0 0.0 28.4
0.0 0.0 28.4
0.0 0.0 28.4
16.0 0.0 28.4
0.0 0.0 28.4
0.0 0.0 28.4
0.0 0.0 28.4
0.0 0.0 28.4
0.0 0.0 28.4
15.0 0.0 28.4
0.0 0.0 28.4
15.0 0.0 28.4
0.0 0.0 28.4
0.0 0.0 28.4
16.0 0.0 32.0
15.0 0.0 32.0
0.0 0.0 32.0
0.0 0.0 32.0
0.0 0.0 32.0
16.0 0.0 32.0
0.0 0.0 32.0
16.0 0.0 32.0
16.0 0.0 32.0
0.0 0.0 32.0
0.0 0.0 32.0
0.0 0.0 32.0
0.0 0.0 32.0
16.0 0.0 32.0
0.0 0.0 32.0
0.0 0.0 32.0
0.0 0.0 32.0
0.0 0.0 25.0
0.0 0.0 25.0
0.0 0.0 25.0
16.0 0.0 25.0
0.0 0.0 25.0
0.0 0.0 25.0
0.0 0.0 25.0
0.0 0.0 25.0
0.0 0.0 25.0
16.0 0.0 25.0
0.0 0.0 25.0
0.0 0.0 25.0
0.0 16.0 25.0
0.0 0.0 25.0
0.0 15.0 25.0
0.0 0.0 25.0
16.0 0.0 25.0
0.0 0.0 30.5
0.0 0.0 30.5
0.0 0.0 30.5
0.0 0.0 30.5
0.0 0.0 30.5
0.0 0.0 30.5
0.0 0.0 30.5
0.0 0.0 30.5
0.0 0.0 30.5
0.0 0.0 30.5
0.0 0.0 30.5
0.0 0.0 30.5
0.0 0.0 30.5
0.0 0.0 20.8
0.0 0.0 20.8
0.0 0.0 20.8
15.0 0.0 20.8
0.0 0.0 20.8
16.0 0.0 20.8
0.0 0.0 20.8
0.0 0.0 20.8
0.0 0.0 20.8
0.0 0.0 20.8
0.0 0.0 20.8
0.0 0.0 20.8
16.0 0.0 26.5
0.0 0.0 26.5
0.0 0.0 26.5
15.0 0.0 26.5
15.0 0.0 26.5
0.0 0.0 26.5
0.0 0.0 26.5
0.0 0.0 26.5
0.0 0.0 26.5
0.0 0.0 26.5
16.0 0.0 26.5
0.0 0.0 26.5
15.0 0.0 25.7
0.0 0.0 25.7
0.0 0.0 25.7
0.0 0.0 25.7
0.0 0.0 25.7
0.0 0.0 25.7
0.0 0.0 25.7
16.0 0.0 25.7
0.0 0.0 25.7
0.0 0.0 25.7
0.0 0.0 25.7
0.0 0.0 25.7
0.0 0.0 28.0
0.0 0.0 28.0
0.0 0.0 28.0
0.0 0.0 28.0
0.0 0.0 28.0
0.0 0.0 28.0
0.0 0.0 28.0
0.0 0.0 28.0
0.0 0.0 28.0
0.0 0.0 28.0
0.0 0.0 28.0
0.0 0.0 28.0
0.0 0.0 28.0
0.0 0.0 28.0
0.0 0.0 28.0
0.0 0.0 28.0
0.0 0.0 28.0
0.0 0.0 28.0
0.0 0.0 28.0
0.0 0.0 28.0
0.0 0.0 28.0
0.0 0.0 28.0
0.0 0.0 42.1
0.0 0.0 42.1
0.0 0.0 42.1
0.0 0.0 42.1
16.0 0.0 42.1
0.0 0.0 42.1
0.0 0.0 42.1
0.0 0.0 42.1
0.0 0.0 42.1
0.0 0.0 42.1
15.0 0.0 42.1
0.0 0.0 42.1
0.0 0.0 42.1
0.0 0.0 42.1
16.0 0.0 42.1
0.0 0.0 42.1
0.0 0.0 42.1
0.0 0.0 42.1
0.0 0.0 42.1
0.0 0.0 42.1
0.0 0.0 43.9
0.0 0.0 43.9
0.0 0.0 43.9
0.0 0.0 43.9
0.0 0.0 43.9
0.0 0.0 43.9
0.0 0.0 43.9
0.0 0.0 43.9
0.0 0.0 43.9
0.0 0.0 43.9
0.0 0.0 43.9
0.0 0.0 43.9
0.0 0.0 43.9
0.0 0.0 43.9
0.0 0.0 43.9
0.0 0.0 43.9
16.0 0.0 43.9
0.0 0.0 43.9
0.0 0.0 43.9
0.0 0.0 43.9
0.0 0.0 43.9
0.0 0.0 41.2
0.0 0.0 41.2
0.0 0.0 41.2
0.0 0.0 41.2
16.0 0.0 41.2
15.0 0.0 41.2
0.0 0.0 41.2
0.0 0.0 41.2
0.0 0.0 41.2
0.0 0.0 41.2
0.0 0.0 41.2
0.0 0.0 41.2
0.0 0.0 41.2
0.0 0.0 41.2
0.0 0.0 41.2
0.0 0.0 41.2
31.0 0.0 41.2
15.0 0.0 41.2
15.0 0.0 30.0
0.0 0.0 30.0
0.0 0.0 30.0
0.0 0.0 30.0
0.0 0.0 30.0
0.0 0.0 30.0
15.0 0.0 30.0
0.0 0.0 30.0
Numero de fallas:1
Prueba 10
T1 T2 %Carga
0.0 0.0 50.0
0.0 0.0 50.0
0.0 0.0 50.0
0.0 0.0 50.0
0.0 0.0 50.0
0.0 0.0 50.0
0.0 0.0 50.0
0.0 0.0 50.0
16.0 0.0 50.0
0.0 0.0 50.0
0.0 0.0 50.0
0.0 0.0 50.0
158.0 15.0 50.0
0.0 0.0 50.0
0.0 0.0 50.0
15.0 0.0 50.0
0.0 0.0 50.0
0.0 0.0 50.0
0.0 0.0 50.0
0.0 0.0 50.0
158.0 15.0 50.0
0.0 0.0 50.0
15.0 0.0 50.0
15.0 0.0 50.0
0.0 0.0 50.0
0.0 0.0 50.0
0.0 0.0 50.0
0.0 16.0 50.0
0.0 0.0 50.0
0.0 0.0 50.0
0.0 0.0 50.0
0.0 0.0 50.0
0.0 0.0 50.0
0.0 0.0 50.0
0.0 0.0 50.0
16.0 0.0 50.0
0.0 0.0 50.0
0.0 0.0 45.8
0.0 0.0 37.4
0.0 0.0 37.4
0.0 0.0 0.0
16.0 0.0 0.0
0.0 0.0 0.0
0.0 0.0 0.0
15.0 0.0 0.0
0.0 0.0 0.0
15.0 0.0 0.0
0.0 0.0 0.0
0.0 0.0 0.0
0.0 0.0 0.0
0.0 0.0 0.0
0.0 0.0 0.0
0.0 0.0 0.0
0.0 0.0 0.0
0.0 0.0 0.0
16.0 0.0 0.0
0.0 0.0 0.0
0.0 0.0 0.0
0.0 0.0 0.0
0.0 0.0 0.0
0.0 0.0 0.0
0.0 0.0 0.0
0.0 0.0 0.0
0.0 0.0 0.0
0.0 0.0 0.0
0.0 0.0 0.0
0.0 0.0 0.0
0.0 0.0 50.7
0.0 0.0 50.7
0.0 0.0 50.7
0.0 0.0 50.7
15.0 0.0 50.7
0.0 0.0 50.7
0.0 0.0 50.7
0.0 0.0 50.7
0.0 0.0 50.7
0.0 0.0 50.7
0.0 0.0 50.7
0.0 0.0 50.7
0.0 0.0 50.7
0.0 0.0 50.7
0.0 0.0 50.7
0.0 0.0 50.7
0.0 0.0 50.7
0.0 0.0 50.7
0.0 0.0 50.7
0.0 0.0 50.7
0.0 0.0 50.7
0.0 0.0 37.5
0.0 0.0 37.5
0.0 0.0 37.5
0.0 0.0 37.5
0.0 0.0 37.5
0.0 0.0 37.5
0.0 0.0 37.5
0.0 0.0 37.5
0.0 0.0 37.5
0.0 0.0 37.5
0.0 0.0 37.5
16.0 0.0 37.5
16.0 0.0 37.5
0.0 0.0 37.5
16.0 0.0 37.5
0.0 0.0 37.5
0.0 0.0 37.5
0.0 16.0 37.5
0.0 0.0 37.5
0.0 0.0 37.5
0.0 0.0 0.0
0.0 0.0 0.0
0.0 0.0 0.0
0.0 0.0 0.0
16.0 0.0 0.0
16.0 0.0 0.0
0.0 0.0 0.0
0.0 0.0 0.0
0.0 0.0 0.0
0.0 0.0 0.0
0.0 0.0 0.0
0.0 0.0 0.0
0.0 0.0 0.0
0.0 0.0 0.0
0.0 0.0 0.0
0.0 0.0 0.0
0.0 0.0 0.0
0.0 0.0 0.0
0.0 0.0 0.0
0.0 0.0 27.9
0.0 0.0 27.9
0.0 0.0 27.9
0.0 0.0 27.9
0.0 0.0 27.9
15.0 0.0 27.9
0.0 0.0 27.9
0.0 0.0 27.9
0.0 0.0 27.9
0.0 0.0 27.9
0.0 0.0 27.9
16.0 0.0 27.9
0.0 0.0 27.9
0.0 0.0 27.9
16.0 0.0 27.9
16.0 0.0 27.9
0.0 0.0 27.9
0.0 0.0 31.3
0.0 0.0 31.3
0.0 0.0 31.3
0.0 0.0 31.3
0.0 0.0 31.3
0.0 0.0 31.3
0.0 0.0 31.3
0.0 0.0 31.3
0.0 0.0 31.3
0.0 0.0 31.3
0.0 0.0 31.3
0.0 0.0 31.3
0.0 0.0 31.3
0.0 0.0 31.3
0.0 0.0 31.3
0.0 0.0 31.3
0.0 0.0 31.3
15.0 0.0 34.5
0.0 0.0 34.5
0.0 0.0 34.5
0.0 0.0 34.5
0.0 16.0 34.5
0.0 0.0 34.5
0.0 0.0 34.5
0.0 0.0 34.5
0.0 0.0 34.5
0.0 0.0 34.5
0.0 0.0 34.5
0.0 0.0 34.5
15.0 0.0 34.5
0.0 0.0 34.5
0.0 0.0 34.5
0.0 0.0 34.5
0.0 0.0 30.4
0.0 0.0 30.4
0.0 0.0 30.4
0.0 0.0 30.4
15.0 0.0 30.4
0.0 0.0 30.4
0.0 0.0 30.4
0.0 0.0 30.4
0.0 0.0 30.4
0.0 0.0 30.4
0.0 0.0 30.4
0.0 0.0 30.4
0.0 0.0 30.4
0.0 0.0 30.4
0.0 0.0 30.4
0.0 0.0 30.4
0.0 0.0 30.4
0.0 0.0 56.2
0.0 0.0 56.2
0.0 0.0 56.2
0.0 0.0 56.2
0.0 0.0 56.2
0.0 16.0 56.2
0.0 0.0 56.2
0.0 0.0 56.2
0.0 0.0 56.2
0.0 16.0 56.2
0.0 0.0 56.2
0.0 0.0 56.2
0.0 0.0 56.2
0.0 0.0 56.2
0.0 0.0 56.2
0.0 0.0 56.2
0.0 0.0 56.2
0.0 0.0 56.2
15.0 0.0 43.7
0.0 0.0 43.7
16.0 0.0 43.7
0.0 0.0 43.7
0.0 0.0 43.7
0.0 0.0 43.7
0.0 0.0 43.7
0.0 0.0 43.7
0.0 0.0 43.7
0.0 0.0 43.7
0.0 0.0 43.7
16.0 0.0 43.7
15.0 0.0 43.7
16.0 0.0 43.7
0.0 0.0 43.7
0.0 0.0 43.7
0.0 0.0 28.8
0.0 0.0 28.8
0.0 0.0 28.8
0.0 0.0 28.8
0.0 0.0 28.8
0.0 0.0 28.8
0.0 0.0 28.8
0.0 0.0 28.8
0.0 0.0 28.8
0.0 0.0 28.8
0.0 0.0 28.8
0.0 0.0 28.8
0.0 0.0 28.8
0.0 0.0 28.8
16.0 0.0 28.8
0.0 0.0 28.8
0.0 0.0 28.8
0.0 0.0 28.8
0.0 0.0 18.7
0.0 0.0 18.7
16.0 0.0 18.7
15.0 0.0 18.7
0.0 0.0 18.7
16.0 0.0 18.7
0.0 0.0 18.7
0.0 0.0 18.7
0.0 0.0 18.7
15.0 0.0 18.7
0.0 0.0 18.7
0.0 0.0 18.7
0.0 0.0 18.7
0.0 0.0 18.7
0.0 0.0 18.7
0.0 0.0 18.7
0.0 0.0 18.7
0.0 0.0 31.7
0.0 0.0 31.7
0.0 0.0 31.7
0.0 0.0 31.7
0.0 0.0 31.7
0.0 0.0 31.7
0.0 0.0 31.7
0.0 0.0 31.7
16.0 0.0 31.7
0.0 0.0 31.7
0.0 0.0 31.7
0.0 0.0 31.7
0.0 0.0 31.7
0.0 0.0 31.7
15.0 0.0 32.5
0.0 0.0 32.5
0.0 0.0 32.5
0.0 16.0 32.5
16.0 0.0 32.5
0.0 0.0 32.5
0.0 0.0 32.5
0.0 0.0 32.5
0.0 0.0 32.5
0.0 0.0 32.5
0.0 0.0 32.5
0.0 0.0 32.5
0.0 0.0 32.5
0.0 0.0 32.5
0.0 0.0 32.5
0.0 16.0 32.5
0.0 0.0 32.5
0.0 0.0 32.5
0.0 0.0 32.5
0.0 0.0 29.5
0.0 0.0 29.5
0.0 0.0 29.5
0.0 0.0 29.5
16.0 0.0 29.5
0.0 0.0 29.5
0.0 0.0 29.5
0.0 0.0 29.5
0.0 0.0 29.5
0.0 0.0 29.5
16.0 0.0 29.5
0.0 0.0 29.5
0.0 0.0 29.5
0.0 0.0 29.5
0.0 0.0 29.5
0.0 0.0 29.5
0.0 0.0 30.0
0.0 0.0 30.0
0.0 0.0 30.0
0.0 0.0 30.0
0.0 0.0 30.0
0.0 0.0 30.0
0.0 0.0 30.0
15.0 0.0 30.0
0.0 0.0 30.0
0.0 0.0 30.0
0.0 0.0 30.0
0.0 0.0 30.0
0.0 0.0 30.0
0.0 0.0 30.0
0.0 0.0 30.0
0.0 0.0 30.0
16.0 0.0 30.0
0.0 0.0 30.0
16.0 0.0 20.8
0.0 0.0 20.8
0.0 0.0 20.8
0.0 0.0 20.8
0.0 0.0 20.8
16.0 0.0 20.8
16.0 0.0 20.8
0.0 0.0 20.8
0.0 0.0 20.8
0.0 0.0 20.8
0.0 0.0 20.8
0.0 0.0 20.8
0.0 0.0 20.8
0.0 0.0 20.8
0.0 0.0 20.8
15.0 0.0 20.8
0.0 0.0 20.8
0.0 0.0 20.8
0.0 0.0 20.8
0.0 0.0 20.8
0.0 0.0 20.8
0.0 0.0 31.2
0.0 0.0 31.2
0.0 0.0 31.2
0.0 0.0 31.2
16.0 0.0 31.2
0.0 0.0 31.2
0.0 16.0 31.2
0.0 0.0 31.2
0.0 0.0 31.2
0.0 0.0 31.2
0.0 0.0 31.2
0.0 0.0 31.2
0.0 0.0 31.2
0.0 0.0 31.2
0.0 0.0 31.2
0.0 0.0 31.2
0.0 0.0 31.2
0.0 0.0 33.0
0.0 0.0 33.0
0.0 0.0 33.0
0.0 0.0 33.0
15.0 0.0 33.0
0.0 0.0 33.0
0.0 0.0 33.0
0.0 15.0 33.0
0.0 0.0 33.0
0.0 0.0 33.0
0.0 0.0 33.0
0.0 0.0 33.0
15.0 0.0 33.0
0.0 0.0 33.0
0.0 0.0 33.0
0.0 0.0 33.0
0.0 0.0 33.0
0.0 0.0 30.8
0.0 0.0 30.8
0.0 0.0 30.8
0.0 0.0 30.8
0.0 0.0 30.8
0.0 0.0 30.8
0.0 0.0 30.8
0.0 0.0 30.8
0.0 0.0 30.8
0.0 0.0 30.8
0.0 0.0 30.8
0.0 0.0 30.8
0.0 0.0 30.8
0.0 0.0 30.8
0.0 0.0 30.8
Numero de fallas:0