
0.0 0.0 NaN
0.0 0.0 NaN
0.0 0.0 NaN
0.0 0.0 NaN
0.0 0.0 15.6
0.0 0.0 15.6
0.0 0.0 15.6
0.0 0.0 15.6
0.0 0.0 15.6
0.0 0.0 6.2
0.0 0.0 6.2
0.0 0.0 6.2
0.0 0.0 6.2
0.0 0.0 6.2
0.0 0.0 14.0
0.0 0.0 14.0
0.0 0.0 14.0
0.0 0.0 14.0
0.0 0.0 14.0
0.0 0.0 13.0
0.0 0.0 13.0
0.0 0.0 13.0
0.0 0.0 13.0
0.0 0.0 13.0
0.0 0.0 2.6
0.0 0.0 2.6
0.0 0.0 2.6
0.0 0.0 2.6
0.0 0.0 2.6
0.0 0.0 5.8
0.0 0.0 5.8
0.0 0.0 5.8
0.0 0.0 5.8
0.0 0.0 5.8
0.0 0.0 8.7
0.0 0.0 8.7
0.0 0.0 8.7
0.0 0.0 8.7
0.0 0.0 8.7
0.0 0.0 3.7
0.0 0.0 3.7
0.0 0.0 3.7
0.0 0.0 3.7
0.0 0.0 3.7
0.0 0.0 5.8
0.0 0.0 5.8
0.0 0.0 5.8
0.0 0.0 5.8
0.0 0.0 5.8
0.0 0.0 6.2
0.0 0.0 6.2
0.0 0.0 6.2
0.0 0.0 6.2
0.0 0.0 6.2
0.0 0.0 5.1
0.0 0.0 5.1
0.0 0.0 5.1
0.0 0.0 5.1
0.0 0.0 5.1
0.0 0.0 0.8
0.0 0.0 0.8
0.0 0.0 0.8
0.0 0.0 0.8
0.0 0.0 0.8
0.0 0.0 8.0
0.0 0.0 8.0
0.0 0.0 8.0
0.0 0.0 8.0
0.0 0.0 8.0
0.0 0.0 4.8
0.0 0.0 4.8
0.0 0.0 4.8
0.0 0.0 4.8
0.0 0.0 4.8
0.0 0.0 9.4
0.0 0.0 9.4
0.0 0.0 9.4
0.0 0.0 9.4
0.0 0.0 9.4
0.0 0.0 3.7
Numero de Fallas:0
0.0 0.0 NaN
0.0 0.0 NaN
0.0 0.0 NaN
0.0 0.0 NaN
0.0 0.0 18.7
0.0 0.0 18.7
0.0 0.0 18.7
0.0 0.0 18.7
0.0 0.0 18.7
0.0 0.0 5.1
0.0 0.0 5.1
0.0 0.0 5.1
0.0 0.0 5.1
0.0 0.0 5.1
0.0 0.0 4.9
0.0 0.0 4.9
0.0 0.0 4.9
0.0 0.0 4.9
0.0 0.0 4.9
0.0 0.0 8.8
0.0 0.0 8.8
0.0 0.0 8.8
0.0 0.0 8.8
0.0 0.0 8.8
0.0 0.0 6.5
0.0 0.0 6.5
0.0 0.0 6.5
0.0 0.0 6.5
0.0 0.0 6.5
0.0 0.0 5.5
0.0 0.0 5.5
0.0 0.0 5.5
0.0 0.0 5.5
0.0 0.0 5.5
0.0 0.0 7.3
0.0 0.0 7.3
0.0 0.0 7.3
0.0 0.0 7.3
0.0 0.0 7.3
0.0 0.0 5.1
0.0 0.0 5.1
0.0 0.0 5.1
0.0 0.0 5.1
0.0 0.0 5.1
0.0 0.0 6.5
0.0 0.0 6.5
0.0 0.0 6.5
0.0 0.0 6.5
0.0 0.0 6.5
0.0 0.0 4.4
0.0 0.0 4.4
0.0 0.0 4.4
0.0 0.0 4.4
0.0 0.0 4.4
0.0 0.0 5.8
0.0 0.0 5.8
0.0 0.0 5.8
0.0 0.0 5.8
0.0 0.0 5.8
0.0 0.0 4.4
0.0 0.0 4.4
0.0 0.0 4.4
0.0 0.0 4.4
0.0 0.0 4.4
0.0 0.0 4.1
0.0 0.0 4.1
0.0 0.0 4.1
0.0 0.0 4.1
0.0 0.0 4.1
0.0 0.0 4.4
0.0 0.0 4.4
0.0 0.0 4.4
0.0 0.0 4.4
0.0 0.0 4.4
0.0 0.0 6.9
0.0 0.0 6.9
0.0 0.0 6.9
0.0 0.0 6.9
0.0 0.0 6.9
0.0 0.0 4.4
Numero de Fallas:0
0.0 0.0 0.0
0.0 0.0 0.0
0.0 0.0 0.0
0.0 0.0 0.0
0.0 0.0 0.0
0.0 0.0 0.0
0.0 0.0 0.0
0.0 0.0 0.0
0.0 0.0 0.0
0.0 0.0 5.2
0.0 0.0 5.2
0.0 0.0 5.2
0.0 0.0 5.2
0.0 0.0 5.2
0.0 0.0 4.4
0.0 0.0 4.4
0.0 0.0 4.4
0.0 0.0 4.4
0.0 0.0 4.4
0.0 0.0 4.4
0.0 0.0 4.4
0.0 0.0 4.4
0.0 0.0 4.4
0.0 0.0 4.4
0.0 0.0 5.1
0.0 0.0 5.1
0.0 0.0 5.1
0.0 0.0 5.1
0.0 0.0 5.1
0.0 0.0 4.1
0.0 0.0 4.1
0.0 0.0 4.1
0.0 0.0 4.1
0.0 0.0 4.1
0.0 0.0 6.5
0.0 0.0 6.5
0.0 0.0 6.5
0.0 0.0 6.5
0.0 0.0 6.5
0.0 0.0 4.8
0.0 0.0 4.8
0.0 0.0 4.8
0.0 0.0 4.8
0.0 0.0 4.8
0.0 0.0 4.4
0.0 0.0 4.4
0.0 0.0 4.4
0.0 0.0 4.4
0.0 0.0 4.4
0.0 0.0 18.7
0.0 0.0 18.7
0.0 0.0 18.7
0.0 0.0 18.7
0.0 0.0 18.7
0.0 0.0 6.2
0.0 0.0 6.2
0.0 0.0 6.2
0.0 0.0 6.2
0.0 0.0 6.2
0.0 0.0 5.5
0.0 0.0 5.5
0.0 0.0 5.5
0.0 0.0 5.5
0.0 0.0 5.5
0.0 0.0 4.4
0.0 0.0 4.4
0.0 0.0 4.4
0.0 0.0 4.4
0.0 0.0 4.4
0.0 0.0 6.5
0.0 0.0 6.5
0.0 0.0 6.5
0.0 0.0 6.5
0.0 0.0 6.5
0.0 0.0 5.8
0.0 0.0 5.8
0.0 0.0 5.8
0.0 0.0 5.8
0.0 0.0 5.8
0.0 0.0 7.3
Numero de Fallas:0
0.0 0.0 NaN
0.0 0.0 NaN
0.0 0.0 NaN
0.0 0.0 NaN
0.0 0.0 12.4
0.0 0.0 12.4
0.0 0.0 12.4
0.0 0.0 12.4
0.0 0.0 12.4
0.0 0.0 4.6
0.0 0.0 4.6
0.0 0.0 4.6
0.0 0.0 4.6
0.0 0.0 4.6
0.0 0.0 3.9
0.0 0.0 3.9
0.0 0.0 3.9
0.0 0.0 3.9
0.0 0.0 3.9
0.0 0.0 4.6
0.0 0.0 4.6
0.0 0.0 4.6
0.0 0.0 4.6
0.0 0.0 4.6
0.0 0.0 6.4
0.0 0.0 6.4
0.0 0.0 6.4
0.0 0.0 6.4
0.0 0.0 6.4
0.0 0.0 3.5
0.0 0.0 3.5
0.0 0.0 3.5
0.0 0.0 3.5
0.0 0.0 3.5
0.0 0.0 6.4
0.0 0.0 6.4
0.0 0.0 6.4
0.0 0.0 6.4
0.0 0.0 6.4
0.0 0.0 4.1
0.0 0.0 4.1
0.0 0.0 4.1
0.0 0.0 4.1
0.0 0.0 4.1
0.0 0.0 7.4
0.0 0.0 7.4
0.0 0.0 7.4
0.0 0.0 7.4
0.0 0.0 7.4
0.0 0.0 5.7
0.0 0.0 5.7
0.0 0.0 5.7
0.0 0.0 5.7
0.0 0.0 5.7
0.0 0.0 4.9
0.0 0.0 4.9
0.0 0.0 4.9
0.0 0.0 4.9
0.0 0.0 4.9
0.0 0.0 4.2
0.0 0.0 4.2
0.0 0.0 4.2
0.0 0.0 4.2
0.0 0.0 4.2
0.0 16.0 7.4
0.0 0.0 7.4
0.0 0.0 7.4
0.0 0.0 7.4
0.0 0.0 7.4
0.0 0.0 4.6
0.0 0.0 4.6
0.0 0.0 4.6
0.0 0.0 4.6
0.0 0.0 4.6
0.0 0.0 7.2
0.0 0.0 7.2
0.0 0.0 7.2
0.0 0.0 7.2
0.0 0.0 7.2
0.0 0.0 4.9
Numero de Fallas:0
0.0 0.0 0.0
0.0 0.0 0.0
0.0 0.0 0.0
0.0 0.0 0.0
0.0 0.0 0.0
0.0 0.0 0.0
0.0 0.0 0.0
0.0 0.0 0.0
0.0 0.0 0.0
0.0 0.0 6.2
0.0 0.0 6.2
0.0 0.0 6.2
0.0 0.0 6.2
0.0 0.0 6.2
0.0 0.0 4.4
0.0 0.0 4.4
0.0 0.0 4.4
0.0 0.0 4.4
0.0 0.0 4.4
0.0 0.0 6.9
0.0 0.0 6.9
0.0 0.0 6.9
0.0 0.0 6.9
0.0 0.0 6.9
0.0 0.0 4.4
0.0 0.0 4.4
0.0 0.0 4.4
0.0 0.0 4.4
0.0 0.0 4.4
0.0 0.0 6.5
0.0 0.0 6.5
0.0 0.0 6.5
0.0 0.0 6.5
0.0 0.0 6.5
0.0 0.0 4.4
0.0 0.0 4.4
0.0 0.0 4.4
0.0 0.0 4.4
0.0 0.0 4.4
0.0 0.0 5.1
0.0 0.0 5.1
0.0 0.0 5.1
0.0 0.0 5.1
0.0 0.0 5.1
0.0 0.0 4.1
0.0 0.0 4.1
0.0 0.0 4.1
0.0 0.0 4.1
0.0 0.0 4.1
0.0 0.0 6.2
0.0 0.0 6.2
0.0 0.0 6.2
0.0 0.0 6.2
0.0 0.0 6.2
0.0 0.0 3.7
0.0 0.0 3.7
0.0 0.0 3.7
0.0 0.0 3.7
0.0 0.0 3.7
0.0 0.0 6.9
0.0 0.0 6.9
0.0 0.0 6.9
0.0 0.0 6.9
0.0 0.0 6.9
0.0 0.0 4.4
0.0 0.0 4.4
0.0 0.0 4.4
0.0 0.0 4.4
0.0 0.0 4.4
0.0 0.0 5.5
0.0 0.0 5.5
0.0 0.0 5.5
0.0 0.0 5.5
0.0 0.0 5.5
0.0 0.0 5.7
0.0 0.0 5.7
0.0 0.0 5.7
0.0 0.0 5.7
0.0 0.0 5.7
0.0 0.0 4.8
Numero de Fallas:0
0.0 0.0 0.0
0.0 0.0 0.0
0.0 0.0 0.0
0.0 0.0 0.0
0.0 0.0 0.0
0.0 0.0 0.0
0.0 0.0 0.0
0.0 0.0 0.0
0.0 0.0 0.0
0.0 0.0 6.5
0.0 0.0 6.5
0.0 0.0 6.5
0.0 0.0 6.5
0.0 0.0 6.5
0.0 0.0 4.1
0.0 0.0 4.1
0.0 0.0 4.1
0.0 0.0 4.1
0.0 0.0 4.1
0.0 0.0 4.8
0.0 0.0 4.8
0.0 0.0 4.8
0.0 0.0 4.8
0.0 0.0 4.8
0.0 0.0 5.5
0.0 0.0 5.5
0.0 0.0 5.5
0.0 0.0 5.5
0.0 0.0 5.5
0.0 0.0 7.6
0.0 0.0 7.6
0.0 0.0 7.6
0.0 0.0 7.6
0.0 0.0 7.6
0.0 0.0 5.1
0.0 0.0 5.1
0.0 0.0 5.1
0.0 0.0 5.1
0.0 0.0 5.1
0.0 0.0 27.7
0.0 0.0 27.7
0.0 0.0 27.7
0.0 0.0 27.7
0.0 0.0 27.7
0.0 0.0 19.0
0.0 0.0 19.0
0.0 0.0 19.0
0.0 0.0 19.0
0.0 0.0 19.0
0.0 0.0 21.8
0.0 0.0 21.8
0.0 0.0 21.8
0.0 0.0 21.8
0.0 0.0 21.8
1.0 1.0 21.8
0.0 0.0 16.9
0.0 0.0 16.9
0.0 0.0 16.9
0.0 0.0 16.9
0.0 0.0 16.9
0.0 0.0 16.9
0.0 0.0 10.3
0.0 0.0 10.3
0.0 0.0 10.3
0.0 0.0 10.3
0.0 0.0 10.3
0.0 0.0 8.1
0.0 1.0 8.1
0.0 1.0 8.1
0.0 0.0 8.1
0.0 0.0 8.1
0.0 0.0 8.1
0.0 0.0 11.1
0.0 0.0 11.1
0.0 0.0 11.1
0.0 0.0 11.1
0.0 0.0 11.1
0.0 0.0 11.1
0.0 0.0 7.3
0.0 0.0 7.3
Numero de Fallas:0
0.0 0.0 0.0
0.0 0.0 0.0
0.0 0.0 0.0
0.0 0.0 0.0
0.0 0.0 0.0
0.0 0.0 0.0
0.0 0.0 0.0
0.0 0.0 0.0
0.0 0.0 0.0
0.0 0.0 0.0
0.0 0.0 5.6
0.0 0.0 5.6
0.0 0.0 5.6
0.0 0.0 5.6
0.0 0.0 5.6
0.0 0.0 5.2
0.0 0.0 5.2
0.0 0.0 5.2
0.0 0.0 5.2
0.0 0.0 5.2
0.0 0.0 5.2
0.0 0.0 3.9
0.0 0.0 3.9
0.0 0.0 3.9
0.0 0.0 3.9
0.0 0.0 3.9
0.0 0.0 3.9
0.0 0.0 6.7
0.0 0.0 6.7
0.0 0.0 6.7
0.0 0.0 6.7
0.0 0.0 6.7
0.0 1.0 6.2
0.0 0.0 6.2
0.0 0.0 6.2
0.0 0.0 6.2
0.0 0.0 6.2
0.0 0.0 6.2
0.0 0.0 5.6
0.0 0.0 5.6
0.0 0.0 5.6
0.0 0.0 5.6
0.0 0.0 5.6
0.0 0.0 5.6
0.0 0.0 6.0
0.0 0.0 6.0
0.0 0.0 6.0
0.0 0.0 6.0
0.0 0.0 6.0
0.0 0.0 6.0
0.0 0.0 6.4
0.0 0.0 6.4
0.0 0.0 6.4
0.0 0.0 6.4
1.0 1.0 6.4
0.0 0.0 6.4
0.0 0.0 5.7
0.0 0.0 5.7
0.0 0.0 5.7
0.0 0.0 5.7
0.0 0.0 5.7
0.0 0.0 5.7
0.0 0.0 6.2
0.0 0.0 6.2
0.0 0.0 6.2
0.0 0.0 6.2
0.0 0.0 6.2
0.0 0.0 6.2
0.0 0.0 3.6
0.0 0.0 3.6
0.0 0.0 3.6
0.0 0.0 3.6
0.0 0.0 3.6
0.0 0.0 3.6
0.0 0.0 5.7
0.0 0.0 5.7
0.0 0.0 5.7
0.0 1.0 5.7
0.0 0.0 5.7
0.0 0.0 5.7
Numero de Fallas:0
0.0 0.0 100.0
0.0 0.0 100.0
0.0 0.0 100.0
0.0 0.0 100.0
0.0 0.0 100.0
0.0 0.0 100.0
0.0 0.0 100.0
0.0 0.0 100.0
0.0 0.0 100.0
0.0 0.0 100.0
0.0 0.0 5.1
0.0 0.0 5.1
0.0 0.0 5.1
0.0 0.0 5.1
0.0 0.0 5.1
0.0 0.0 9.6
0.0 0.0 9.6
0.0 0.0 9.6
0.0 0.0 9.6
0.0 0.0 9.6
0.0 0.0 9.6
0.0 0.0 8.8
0.0 1.0 8.8
0.0 0.0 8.8
0.0 0.0 8.8
0.0 0.0 8.8
0.0 0.0 8.8
0.0 0.0 15.8
0.0 0.0 15.8
0.0 0.0 15.8
0.0 0.0 15.8
0.0 0.0 15.8
0.0 0.0 15.8
0.0 0.0 7.3
0.0 0.0 7.3
0.0 0.0 7.3
0.0 0.0 7.3
0.0 0.0 7.3
0.0 0.0 7.3
0.0 0.0 5.7
0.0 0.0 5.7
0.0 0.0 5.7
0.0 1.0 5.7
0.0 0.0 5.7
0.0 0.0 5.7
1.0 0.0 13.7
0.0 0.0 13.7
0.0 0.0 13.7
0.0 0.0 13.7
0.0 0.0 13.7
0.0 0.0 13.7
0.0 0.0 9.8
0.0 0.0 9.8
0.0 0.0 9.8
1.0 1.0 9.8
0.0 0.0 9.8
0.0 0.0 9.8
0.0 0.0 7.0
0.0 0.0 7.0
0.0 0.0 7.0
0.0 0.0 7.0
0.0 0.0 7.0
0.0 1.0 13.2
0.0 0.0 13.2
0.0 0.0 13.2
0.0 0.0 13.2
0.0 0.0 13.2
0.0 0.0 13.2
0.0 0.0 10.1
0.0 0.0 10.1
0.0 0.0 10.1
0.0 0.0 10.1
0.0 0.0 10.1
0.0 0.0 10.1
0.0 0.0 12.2
0.0 0.0 12.2
0.0 0.0 12.2
0.0 0.0 12.2
0.0 0.0 12.2
0.0 0.0 12.2
Numero de Fallas:0
0.0 0.0 0.0
0.0 0.0 0.0
0.0 0.0 0.0
0.0 0.0 0.0
0.0 0.0 0.0
0.0 0.0 0.0
0.0 0.0 0.0
0.0 0.0 0.0
0.0 0.0 0.0
0.0 0.0 0.0
0.0 0.0 5.1
0.0 0.0 5.1
0.0 0.0 5.1
0.0 0.0 5.1
0.0 0.0 5.1
0.0 0.0 5.8
0.0 0.0 5.8
0.0 0.0 5.8
0.0 0.0 5.8
0.0 0.0 5.8
0.0 0.0 18.1
0.0 0.0 18.1
0.0 0.0 18.1
0.0 0.0 18.1
0.0 0.0 18.1
0.0 0.0 18.1
0.0 0.0 17.1
0.0 0.0 17.1
0.0 0.0 17.1
0.0 0.0 17.1
0.0 0.0 17.1
0.0 0.0 17.1
0.0 0.0 5.4
0.0 0.0 5.4
0.0 0.0 5.4
0.0 0.0 5.4
0.0 0.0 5.4
0.0 0.0 5.4
0.0 0.0 5.4
0.0 0.0 5.4
0.0 0.0 5.4
0.0 0.0 5.4
0.0 0.0 5.4
0.0 0.0 5.4
0.0 0.0 7.3
0.0 0.0 7.3
0.0 0.0 7.3
0.0 0.0 7.3
0.0 0.0 7.3
0.0 0.0 7.3
0.0 0.0 4.9
0.0 0.0 4.9
0.0 0.0 4.9
0.0 0.0 4.9
1.0 0.0 4.9
0.0 0.0 4.9
0.0 0.0 16.3
0.0 0.0 16.3
0.0 0.0 16.3
0.0 0.0 16.3
0.0 0.0 16.3
0.0 0.0 16.3
0.0 0.0 5.1
0.0 0.0 5.1
1.0 0.0 5.1
0.0 0.0 5.1
0.0 0.0 5.1
0.0 0.0 5.1
0.0 0.0 6.4
0.0 0.0 6.4
0.0 0.0 6.4
0.0 0.0 6.4
0.0 0.0 6.4
0.0 0.0 6.4
0.0 0.0 4.1
0.0 0.0 4.1
0.0 0.0 4.1
0.0 0.0 4.1
0.0 0.0 4.1
0.0 0.0 4.1
Numero de Fallas:0
0.0 0.0 0.0
0.0 0.0 0.0
0.0 0.0 0.0
0.0 0.0 0.0
1.0 0.0 0.0
0.0 0.0 0.0
0.0 0.0 0.0
0.0 0.0 0.0
0.0 0.0 0.0
0.0 0.0 0.0
0.0 0.0 4.3
0.0 0.0 4.3
0.0 0.0 4.3
0.0 0.0 4.3
0.0 0.0 4.3
0.0 0.0 4.0
0.0 0.0 4.0
0.0 0.0 4.0
0.0 0.0 4.0
0.0 0.0 4.0
0.0 0.0 4.0
0.0 0.0 5.7
0.0 0.0 5.7
0.0 0.0 5.7
0.0 0.0 5.7
0.0 0.0 5.7
0.0 0.0 5.7
0.0 0.0 3.4
0.0 0.0 3.4
0.0 0.0 3.4
0.0 0.0 3.4
0.0 0.0 3.4
0.0 0.0 3.4
0.0 0.0 7.0
0.0 0.0 7.0
0.0 0.0 7.0
0.0 0.0 7.0
0.0 0.0 7.0
0.0 0.0 7.0
0.0 0.0 3.4
0.0 0.0 3.4
0.0 0.0 3.4
0.0 0.0 3.4
0.0 0.0 3.4
0.0 0.0 3.4
0.0 0.0 14.8
0.0 0.0 14.8
0.0 0.0 14.8
0.0 0.0 14.8
0.0 0.0 14.8
0.0 0.0 14.8
0.0 0.0 3.1
0.0 0.0 3.1
0.0 0.0 3.1
1.0 1.0 3.1
0.0 0.0 3.1
0.0 0.0 3.1
0.0 0.0 6.4
0.0 0.0 6.4
0.0 0.0 6.4
0.0 0.0 6.4
0.0 0.0 6.4
0.0 0.0 6.4
0.0 0.0 4.7
0.0 0.0 4.7
0.0 0.0 4.7
0.0 0.0 4.7
0.0 0.0 4.7
0.0 0.0 4.7
0.0 0.0 3.4
0.0 0.0 3.4
0.0 0.0 3.4
0.0 0.0 3.4
0.0 0.0 3.4
0.0 0.0 16.7
0.0 0.0 16.7
0.0 0.0 16.7
0.0 0.0 16.7
0.0 0.0 16.7
0.0 0.0 16.7
Numero de Fallas:0