
0.0 0.0 NaN
0.0 0.0 NaN
0.0 0.0 NaN
0.0 0.0 NaN
0.0 0.0 NaN
0.0 0.0 NaN
0.0 0.0 NaN
1.0 0.0 NaN
1.0 0.0 NaN
0.0 1.0 NaN
0.0 0.0 31.1
0.0 0.0 31.1
0.0 0.0 31.1
0.0 0.0 31.1
0.0 0.0 31.1
0.0 0.0 31.1
0.0 0.0 31.1
0.0 0.0 31.1
0.0 0.0 31.1
0.0 0.0 31.1
0.0 0.0 31.1
0.0 0.0 31.1
0.0 0.0 31.1
0.0 0.0 18.1
0.0 0.0 18.1
0.0 0.0 18.1
0.0 0.0 18.1
0.0 0.0 18.1
0.0 0.0 18.1
0.0 0.0 18.1
0.0 0.0 18.1
0.0 0.0 18.1
0.0 0.0 18.1
0.0 0.0 18.1
0.0 0.0 18.1
0.0 0.0 18.1
0.0 0.0 28.4
0.0 0.0 28.4
0.0 0.0 28.4
0.0 0.0 28.4
0.0 0.0 28.4
0.0 0.0 28.4
0.0 0.0 28.4
0.0 0.0 28.4
0.0 0.0 28.4
0.0 0.0 28.4
0.0 0.0 28.4
0.0 0.0 28.4
0.0 0.0 28.4
0.0 0.0 16.0
0.0 0.0 16.0
0.0 0.0 16.0
0.0 0.0 16.0
0.0 0.0 16.0
1.0 0.0 16.0
0.0 0.0 16.0
0.0 0.0 16.0
0.0 0.0 16.0
0.0 0.0 16.0
0.0 0.0 16.0
0.0 0.0 16.0
0.0 0.0 16.0
0.0 0.0 14.1
0.0 0.0 14.1
0.0 0.0 14.1
0.0 0.0 14.1
0.0 0.0 14.1
0.0 0.0 14.1
0.0 0.0 14.1
0.0 0.0 14.1
0.0 0.0 14.1
0.0 0.0 14.1
0.0 0.0 14.1
0.0 0.0 14.1
0.0 0.0 14.1
0.0 0.0 16.0
0.0 0.0 16.0
0.0 0.0 16.0
0.0 0.0 16.0
0.0 0.0 16.0
0.0 0.0 16.0
0.0 0.0 16.0
0.0 0.0 16.0
0.0 0.0 16.0
0.0 0.0 16.0
0.0 0.0 16.0
0.0 0.0 16.0
0.0 0.0 16.0
0.0 0.0 23.7
0.0 0.0 23.7
0.0 0.0 23.7
0.0 0.0 23.7
0.0 0.0 23.7
0.0 0.0 23.7
0.0 0.0 23.7
0.0 0.0 23.7
0.0 0.0 23.7
0.0 0.0 23.7
0.0 0.0 23.7
0.0 0.0 23.7
0.0 0.0 23.7
0.0 0.0 16.1
0.0 0.0 16.1
0.0 0.0 16.1
0.0 1.0 16.1
0.0 0.0 16.1
0.0 0.0 16.1
0.0 1.0 16.1
0.0 0.0 16.1
0.0 0.0 16.1
0.0 0.0 16.1
0.0 0.0 16.1
0.0 0.0 16.1
0.0 0.0 16.1
0.0 0.0 19.9
0.0 0.0 19.9
0.0 0.0 19.9
0.0 0.0 19.9
0.0 0.0 19.9
0.0 0.0 19.9
0.0 0.0 19.9
0.0 0.0 19.9
0.0 0.0 19.9
0.0 0.0 19.9
0.0 0.0 19.9
0.0 0.0 19.9
0.0 0.0 19.9
0.0 0.0 11.6
0.0 0.0 11.6
0.0 0.0 11.6
0.0 0.0 11.6
0.0 0.0 11.6
0.0 0.0 11.6
0.0 0.0 11.6
0.0 0.0 11.6
0.0 0.0 11.6
0.0 0.0 11.6
0.0 0.0 11.6
0.0 0.0 11.6
0.0 0.0 11.6
0.0 0.0 18.7
0.0 0.0 18.7
0.0 0.0 18.7
0.0 0.0 18.7
0.0 0.0 18.7
0.0 0.0 18.7
0.0 0.0 18.7
0.0 0.0 18.7
0.0 0.0 18.7
0.0 0.0 18.7
0.0 0.0 18.7
0.0 0.0 18.7
0.0 0.0 18.7
0.0 0.0 16.4
0.0 0.0 16.4
0.0 0.0 16.4
0.0 0.0 16.4
0.0 0.0 16.4
0.0 0.0 16.4
0.0 0.0 16.4
0.0 0.0 16.4
0.0 0.0 16.4
0.0 0.0 16.4
0.0 0.0 16.4
0.0 0.0 16.4
0.0 0.0 16.4
0.0 0.0 11.5
0.0 0.0 11.5
0.0 0.0 11.5
0.0 0.0 11.5
0.0 0.0 11.5
0.0 0.0 11.5
0.0 0.0 11.5
0.0 0.0 11.5
0.0 0.0 11.5
0.0 0.0 11.5
0.0 0.0 11.5
0.0 0.0 11.5
0.0 0.0 11.5
0.0 0.0 14.5
0.0 0.0 14.5
0.0 0.0 14.5
0.0 0.0 14.5
0.0 0.0 14.5
0.0 0.0 14.5
0.0 0.0 14.5
0.0 0.0 14.5
0.0 1.0 14.5
0.0 0.0 14.5
0.0 0.0 14.5
0.0 0.0 14.5
0.0 0.0 14.5
0.0 0.0 13.0
0.0 0.0 13.0
0.0 0.0 13.0
0.0 0.0 13.0
0.0 0.0 13.0
0.0 0.0 13.0
0.0 0.0 13.0
0.0 0.0 13.0
Numero de Fallas:0
0.0 0.0 NaN
0.0 0.0 NaN
0.0 0.0 NaN
0.0 0.0 NaN
0.0 0.0 NaN
0.0 0.0 NaN
0.0 0.0 NaN
0.0 0.0 NaN
0.0 0.0 NaN
0.0 1.0 NaN
0.0 0.0 72.1
0.0 0.0 72.1
0.0 0.0 72.1
0.0 0.0 72.1
0.0 0.0 72.1
0.0 0.0 72.1
0.0 0.0 72.1
0.0 0.0 72.1
0.0 0.0 72.1
0.0 0.0 72.1
0.0 0.0 72.1
0.0 0.0 72.1
0.0 0.0 72.1
0.0 0.0 14.1
0.0 0.0 14.1
0.0 0.0 14.1
0.0 0.0 14.1
0.0 0.0 14.1
0.0 0.0 14.1
0.0 0.0 14.1
0.0 0.0 14.1
0.0 0.0 14.1
0.0 0.0 14.1
0.0 0.0 14.1
0.0 0.0 14.1
0.0 0.0 14.1
0.0 0.0 14.5
0.0 0.0 14.5
0.0 0.0 14.5
0.0 0.0 14.5
0.0 0.0 14.5
0.0 0.0 14.5
0.0 0.0 14.5
0.0 0.0 14.5
0.0 0.0 14.5
0.0 0.0 14.5
0.0 0.0 14.5
0.0 0.0 14.5
0.0 0.0 14.5
0.0 0.0 17.1
0.0 0.0 17.1
0.0 0.0 17.1
0.0 0.0 17.1
0.0 0.0 17.1
1.0 1.0 17.1
0.0 0.0 17.1
0.0 0.0 17.1
0.0 0.0 17.1
0.0 0.0 17.1
0.0 0.0 17.1
0.0 0.0 17.1
0.0 0.0 17.1
0.0 0.0 27.8
0.0 0.0 27.8
0.0 0.0 27.8
0.0 0.0 27.8
0.0 0.0 27.8
0.0 0.0 27.8
0.0 0.0 27.8
0.0 0.0 27.8
0.0 0.0 27.8
0.0 0.0 27.8
0.0 0.0 27.8
0.0 0.0 27.8
0.0 0.0 27.8
0.0 0.0 13.7
0.0 0.0 13.7
0.0 0.0 13.7
0.0 0.0 13.7
0.0 0.0 13.7
0.0 0.0 13.7
0.0 0.0 13.7
0.0 0.0 13.7
0.0 0.0 13.7
0.0 0.0 13.7
0.0 0.0 13.7
0.0 0.0 13.7
0.0 0.0 13.7
0.0 0.0 13.7
0.0 0.0 13.7
0.0 0.0 13.7
0.0 0.0 13.7
0.0 0.0 13.7
0.0 0.0 13.7
0.0 0.0 13.7
0.0 0.0 13.7
0.0 0.0 13.7
0.0 0.0 13.7
0.0 0.0 13.7
0.0 0.0 13.7
0.0 0.0 13.7
0.0 0.0 14.1
0.0 0.0 14.1
0.0 0.0 14.1
0.0 0.0 14.1
0.0 0.0 14.1
0.0 0.0 14.1
0.0 0.0 14.1
0.0 0.0 14.1
0.0 0.0 14.1
0.0 0.0 14.1
0.0 0.0 14.1
0.0 0.0 14.1
0.0 0.0 14.1
0.0 0.0 14.5
0.0 0.0 14.5
0.0 0.0 14.5
0.0 0.0 14.5
0.0 0.0 14.5
0.0 0.0 14.5
0.0 0.0 14.5
0.0 0.0 14.5
0.0 0.0 14.5
0.0 0.0 14.5
0.0 0.0 14.5
0.0 0.0 14.5
0.0 0.0 14.5
0.0 0.0 12.2
0.0 0.0 12.2
0.0 0.0 12.2
0.0 0.0 12.2
0.0 0.0 12.2
0.0 0.0 12.2
0.0 0.0 12.2
0.0 0.0 12.2
0.0 0.0 12.2
0.0 0.0 12.2
0.0 0.0 12.2
0.0 0.0 12.2
0.0 0.0 12.2
0.0 0.0 15.0
0.0 1.0 15.0
0.0 0.0 15.0
0.0 0.0 15.0
0.0 0.0 15.0
0.0 0.0 15.0
0.0 0.0 15.0
0.0 0.0 15.0
0.0 0.0 15.0
0.0 0.0 15.0
0.0 0.0 15.0
0.0 0.0 15.0
0.0 0.0 15.0
0.0 0.0 17.5
0.0 0.0 17.5
0.0 0.0 17.5
0.0 0.0 17.5
0.0 0.0 17.5
0.0 0.0 17.5
0.0 0.0 17.5
0.0 0.0 17.5
0.0 0.0 17.5
0.0 0.0 17.5
0.0 0.0 17.5
0.0 0.0 17.5
0.0 0.0 17.5
0.0 0.0 18.6
0.0 0.0 18.6
0.0 0.0 18.6
0.0 0.0 18.6
0.0 0.0 18.6
0.0 0.0 18.6
0.0 0.0 18.6
0.0 0.0 18.6
0.0 0.0 18.6
0.0 0.0 18.6
0.0 0.0 18.6
0.0 0.0 18.6
0.0 0.0 18.6
0.0 0.0 27.6
0.0 0.0 27.6
0.0 0.0 27.6
0.0 0.0 27.6
0.0 0.0 27.6
0.0 0.0 27.6
0.0 0.0 27.6
0.0 0.0 27.6
0.0 0.0 27.6
0.0 0.0 27.6
0.0 0.0 27.6
0.0 0.0 27.6
0.0 0.0 27.6
0.0 0.0 10.3
0.0 0.0 10.3
0.0 0.0 10.3
0.0 0.0 10.3
0.0 0.0 10.3
0.0 0.0 10.3
0.0 0.0 10.3
0.0 0.0 10.3
Numero de Fallas:0
0.0 0.0 NaN
0.0 0.0 NaN
0.0 0.0 NaN
0.0 0.0 NaN
0.0 0.0 NaN
0.0 0.0 NaN
0.0 0.0 NaN
0.0 0.0 NaN
1.0 0.0 NaN
0.0 0.0 NaN
0.0 0.0 6.4
0.0 0.0 6.4
0.0 0.0 6.4
0.0 0.0 6.4
0.0 0.0 6.4
0.0 0.0 6.4
0.0 0.0 6.4
0.0 0.0 6.4
0.0 0.0 6.4
0.0 0.0 6.4
0.0 0.0 6.4
0.0 0.0 6.4
0.0 0.0 6.4
0.0 0.0 7.7
0.0 0.0 7.7
0.0 0.0 7.7
0.0 0.0 7.7
0.0 0.0 7.7
0.0 0.0 7.7
0.0 0.0 7.7
0.0 0.0 7.7
0.0 0.0 7.7
0.0 0.0 7.7
0.0 0.0 7.7
0.0 0.0 7.7
0.0 0.0 7.7
0.0 0.0 8.5
0.0 0.0 8.5
0.0 0.0 8.5
0.0 0.0 8.5
0.0 0.0 8.5
0.0 0.0 8.5
0.0 0.0 8.5
0.0 0.0 8.5
0.0 0.0 8.5
0.0 0.0 8.5
0.0 0.0 8.5
0.0 0.0 8.5
0.0 0.0 8.5
0.0 0.0 11.1
0.0 0.0 11.1
0.0 0.0 11.1
0.0 0.0 11.1
0.0 0.0 11.1
1.0 0.0 11.1
0.0 0.0 11.1
0.0 0.0 11.1
0.0 0.0 11.1
0.0 0.0 11.1
0.0 0.0 11.1
0.0 0.0 11.1
0.0 0.0 11.1
0.0 0.0 14.1
0.0 0.0 14.1
0.0 0.0 14.1
0.0 0.0 14.1
0.0 0.0 14.1
0.0 0.0 14.1
0.0 0.0 14.1
0.0 0.0 14.1
0.0 0.0 14.1
0.0 0.0 14.1
0.0 0.0 14.1
0.0 0.0 14.1
0.0 0.0 14.1
0.0 0.0 11.8
0.0 0.0 11.8
0.0 0.0 11.8
0.0 0.0 11.8
0.0 0.0 11.8
0.0 0.0 11.8
0.0 0.0 11.8
0.0 0.0 11.8
0.0 0.0 11.8
0.0 0.0 11.8
0.0 0.0 11.8
0.0 0.0 11.8
0.0 0.0 11.8
0.0 0.0 15.2
0.0 0.0 15.2
0.0 0.0 15.2
0.0 0.0 15.2
0.0 0.0 15.2
0.0 0.0 15.2
0.0 0.0 15.2
0.0 0.0 15.2
0.0 0.0 15.2
0.0 0.0 15.2
0.0 0.0 15.2
0.0 0.0 15.2
0.0 0.0 15.2
0.0 0.0 12.2
1.0 0.0 12.2
0.0 0.0 12.2
0.0 0.0 12.2
0.0 0.0 12.2
0.0 0.0 12.2
0.0 0.0 12.2
0.0 0.0 12.2
0.0 0.0 12.2
0.0 0.0 12.2
0.0 0.0 12.2
0.0 0.0 12.2
0.0 0.0 12.2
0.0 0.0 15.2
0.0 0.0 15.2
0.0 0.0 15.2
0.0 0.0 15.2
0.0 0.0 15.2
0.0 0.0 15.2
0.0 0.0 15.2
0.0 0.0 15.2
0.0 0.0 15.2
0.0 0.0 15.2
0.0 0.0 15.2
0.0 0.0 15.2
0.0 1.0 15.2
0.0 0.0 14.2
0.0 0.0 14.2
0.0 0.0 14.2
0.0 0.0 14.2
0.0 0.0 14.2
0.0 0.0 14.2
0.0 0.0 14.2
0.0 0.0 14.2
0.0 0.0 14.2
0.0 0.0 14.2
0.0 0.0 14.2
0.0 0.0 14.2
0.0 0.0 14.2
0.0 0.0 13.5
0.0 1.0 13.5
0.0 0.0 13.5
0.0 0.0 13.5
0.0 0.0 13.5
0.0 0.0 13.5
0.0 0.0 13.5
0.0 0.0 13.5
0.0 0.0 13.5
0.0 0.0 13.5
1.0 0.0 13.5
0.0 0.0 13.5
0.0 0.0 13.5
0.0 0.0 11.1
0.0 0.0 11.1
0.0 0.0 11.1
0.0 0.0 11.1
0.0 0.0 11.1
0.0 0.0 11.1
0.0 0.0 11.1
0.0 0.0 11.1
0.0 0.0 11.1
0.0 0.0 11.1
0.0 0.0 11.1
0.0 0.0 11.1
0.0 0.0 11.1
0.0 0.0 14.1
0.0 0.0 14.1
0.0 0.0 14.1
0.0 0.0 14.1
0.0 0.0 14.1
0.0 0.0 14.1
0.0 0.0 14.1
0.0 0.0 14.1
0.0 0.0 14.1
0.0 0.0 14.1
0.0 0.0 14.1
0.0 0.0 14.1
0.0 0.0 14.1
0.0 0.0 16.0
0.0 0.0 16.0
0.0 0.0 16.0
0.0 0.0 16.0
0.0 0.0 16.0
0.0 0.0 16.0
0.0 0.0 16.0
0.0 0.0 16.0
0.0 0.0 16.0
0.0 0.0 16.0
0.0 0.0 16.0
0.0 0.0 16.0
0.0 0.0 16.0
0.0 0.0 12.6
0.0 0.0 12.6
0.0 0.0 12.6
0.0 0.0 12.6
0.0 0.0 12.6
0.0 0.0 12.6
0.0 0.0 12.6
0.0 0.0 12.6
Numero de Fallas:0
0.0 0.0 NaN
0.0 0.0 NaN
0.0 0.0 NaN
0.0 0.0 NaN
0.0 0.0 NaN
0.0 0.0 NaN
0.0 0.0 NaN
0.0 0.0 NaN
1.0 0.0 NaN
0.0 0.0 NaN
0.0 0.0 NaN
0.0 0.0 NaN
0.0 0.0 NaN
0.0 0.0 NaN
0.0 0.0 NaN
0.0 0.0 NaN
0.0 0.0 NaN
0.0 0.0 NaN
0.0 0.0 NaN
0.0 0.0 NaN
0.0 0.0 NaN
0.0 0.0 NaN
0.0 0.0 NaN
0.0 0.0 26.8
0.0 0.0 26.8
0.0 0.0 26.8
0.0 0.0 26.8
0.0 0.0 26.8
0.0 0.0 26.8
0.0 0.0 26.8
0.0 0.0 26.8
0.0 0.0 26.8
0.0 0.0 26.8
1.0 0.0 26.8
0.0 0.0 26.8
0.0 0.0 26.8
0.0 0.0 10.3
0.0 0.0 10.3
0.0 0.0 10.3
0.0 0.0 10.3
0.0 0.0 10.3
0.0 0.0 10.3
0.0 0.0 10.3
0.0 0.0 10.3
0.0 0.0 10.3
0.0 0.0 10.3
0.0 0.0 10.3
0.0 0.0 10.3
0.0 0.0 10.3
0.0 0.0 11.5
0.0 0.0 11.5
0.0 0.0 11.5
0.0 0.0 11.5
0.0 0.0 11.5
0.0 0.0 11.5
0.0 0.0 11.5
0.0 0.0 11.5
0.0 0.0 11.5
0.0 0.0 11.5
0.0 0.0 11.5
0.0 0.0 11.5
0.0 0.0 11.5
0.0 0.0 13.3
0.0 0.0 13.3
0.0 0.0 13.3
0.0 0.0 13.3
0.0 0.0 13.3
0.0 0.0 13.3
0.0 0.0 13.3
0.0 0.0 13.3
0.0 0.0 13.3
0.0 0.0 13.3
0.0 0.0 13.3
0.0 0.0 13.3
0.0 0.0 13.3
0.0 0.0 12.6
1.0 0.0 12.6
1.0 0.0 12.6
0.0 0.0 12.6
0.0 0.0 12.6
0.0 0.0 12.6
0.0 0.0 12.6
0.0 0.0 12.6
0.0 0.0 12.6
0.0 0.0 12.6
0.0 0.0 12.6
0.0 0.0 12.6
0.0 0.0 12.6
0.0 0.0 9.6
0.0 0.0 9.6
0.0 0.0 9.6
0.0 0.0 9.6
0.0 0.0 9.6
0.0 0.0 9.6
0.0 0.0 9.6
0.0 0.0 9.6
0.0 0.0 9.6
0.0 0.0 9.6
0.0 0.0 9.6
0.0 0.0 9.6
0.0 0.0 9.6
0.0 0.0 15.2
0.0 0.0 15.2
0.0 0.0 15.2
0.0 0.0 15.2
0.0 0.0 15.2
0.0 0.0 15.2
0.0 0.0 15.2
0.0 0.0 15.2
0.0 0.0 15.2
0.0 0.0 15.2
0.0 0.0 15.2
0.0 0.0 15.2
0.0 0.0 15.2
0.0 0.0 13.3
0.0 0.0 13.3
0.0 0.0 13.3
0.0 0.0 13.3
0.0 0.0 13.3
0.0 0.0 13.3
0.0 0.0 13.3
0.0 0.0 13.3
0.0 0.0 13.3
0.0 0.0 13.3
0.0 0.0 13.3
0.0 0.0 13.3
0.0 0.0 13.3
0.0 1.0 12.8
0.0 0.0 12.8
0.0 0.0 12.8
0.0 0.0 12.8
0.0 0.0 12.8
0.0 0.0 12.8
0.0 0.0 12.8
0.0 0.0 12.8
0.0 0.0 12.8
0.0 0.0 12.8
0.0 0.0 12.8
0.0 0.0 12.8
0.0 0.0 12.8
0.0 0.0 16.2
0.0 0.0 16.2
0.0 0.0 16.2
0.0 0.0 16.2
0.0 0.0 16.2
0.0 0.0 16.2
0.0 0.0 16.2
0.0 0.0 16.2
0.0 0.0 16.2
0.0 0.0 16.2
0.0 0.0 16.2
0.0 0.0 16.2
0.0 0.0 16.2
1.0 0.0 14.8
1.0 0.0 14.8
0.0 0.0 14.8
0.0 0.0 14.8
0.0 0.0 14.8
0.0 0.0 14.8
0.0 0.0 14.8
0.0 0.0 14.8
0.0 0.0 14.8
0.0 0.0 14.8
0.0 0.0 14.8
0.0 0.0 14.8
0.0 0.0 14.8
0.0 0.0 13.0
0.0 0.0 13.0
0.0 0.0 13.0
0.0 0.0 13.0
0.0 0.0 13.0
0.0 0.0 13.0
0.0 0.0 13.0
0.0 0.0 13.0
0.0 0.0 13.0
0.0 0.0 13.0
0.0 0.0 13.0
0.0 0.0 13.0
0.0 0.0 13.0
0.0 0.0 15.6
0.0 0.0 15.6
0.0 0.0 15.6
0.0 0.0 15.6
0.0 0.0 15.6
0.0 0.0 15.6
0.0 0.0 15.6
0.0 0.0 15.6
0.0 0.0 15.6
0.0 0.0 15.6
0.0 0.0 15.6
0.0 0.0 15.6
0.0 0.0 15.6
0.0 0.0 19.0
0.0 0.0 19.0
0.0 0.0 19.0
0.0 0.0 19.0
0.0 0.0 19.0
0.0 0.0 19.0
0.0 0.0 19.0
1.0 0.0 19.0
Numero de Fallas:0
0.0 0.0 NaN
0.0 0.0 NaN
0.0 0.0 NaN
0.0 0.0 NaN
0.0 0.0 NaN
0.0 0.0 NaN
0.0 0.0 NaN
0.0 0.0 NaN
0.0 0.0 NaN
0.0 0.0 NaN
0.0 0.0 NaN
0.0 0.0 NaN
0.0 0.0 NaN
0.0 0.0 NaN
0.0 0.0 NaN
0.0 0.0 NaN
0.0 0.0 NaN
0.0 0.0 NaN
0.0 0.0 NaN
0.0 0.0 NaN
0.0 0.0 NaN
0.0 0.0 NaN
0.0 0.0 NaN
0.0 0.0 17.1
0.0 0.0 17.1
0.0 0.0 17.1
0.0 0.0 17.1
0.0 0.0 17.1
0.0 0.0 17.1
0.0 0.0 17.1
0.0 0.0 17.1
0.0 0.0 17.1
0.0 0.0 17.1
0.0 0.0 17.1
0.0 0.0 17.1
0.0 0.0 17.1
0.0 0.0 15.6
0.0 0.0 15.6
0.0 0.0 15.6
0.0 0.0 15.6
0.0 0.0 15.6
0.0 0.0 15.6
0.0 0.0 15.6
0.0 0.0 15.6
0.0 0.0 15.6
0.0 0.0 15.6
0.0 0.0 15.6
0.0 0.0 15.6
0.0 0.0 15.6
0.0 0.0 10.3
0.0 0.0 10.3
0.0 0.0 10.3
0.0 0.0 10.3
0.0 0.0 10.3
1.0 0.0 10.3
0.0 0.0 10.3
0.0 0.0 10.3
0.0 0.0 10.3
0.0 0.0 10.3
0.0 0.0 10.3
0.0 0.0 10.3
0.0 0.0 10.3
0.0 0.0 14.8
0.0 0.0 14.8
0.0 0.0 14.8
0.0 0.0 14.8
0.0 0.0 14.8
0.0 0.0 14.8
0.0 0.0 14.8
0.0 0.0 14.8
0.0 0.0 14.8
0.0 0.0 14.8
0.0 0.0 14.8
0.0 0.0 14.8
0.0 0.0 14.8
0.0 0.0 13.7
0.0 0.0 13.7
0.0 0.0 13.7
0.0 0.0 13.7
0.0 0.0 13.7
0.0 0.0 13.7
0.0 0.0 13.7
0.0 0.0 13.7
0.0 0.0 13.7
0.0 0.0 13.7
0.0 0.0 13.7
0.0 0.0 13.7
0.0 0.0 13.7
0.0 0.0 12.2
0.0 0.0 12.2
0.0 0.0 12.2
0.0 0.0 12.2
0.0 0.0 12.2
0.0 0.0 12.2
0.0 0.0 12.2
0.0 0.0 12.2
0.0 0.0 12.2
0.0 0.0 12.2
0.0 0.0 12.2
0.0 1.0 12.2
0.0 0.0 12.2
0.0 0.0 27.5
0.0 0.0 27.5
0.0 0.0 27.5
0.0 0.0 27.5
0.0 0.0 27.5
0.0 0.0 27.5
0.0 0.0 27.5
0.0 0.0 27.5
0.0 0.0 27.5
0.0 0.0 27.5
0.0 0.0 27.5
0.0 0.0 27.5
0.0 0.0 27.5
0.0 0.0 15.2
0.0 0.0 15.2
0.0 0.0 15.2
0.0 0.0 15.2
0.0 0.0 15.2
0.0 0.0 15.2
0.0 0.0 15.2
0.0 0.0 15.2
0.0 0.0 15.2
0.0 0.0 15.2
0.0 0.0 15.2
0.0 0.0 15.2
0.0 0.0 15.2
0.0 0.0 13.1
0.0 0.0 13.1
0.0 0.0 13.1
0.0 0.0 13.1
0.0 0.0 13.1
0.0 0.0 13.1
0.0 0.0 13.1
0.0 0.0 13.1
0.0 0.0 13.1
0.0 0.0 13.1
0.0 0.0 13.1
0.0 0.0 13.1
0.0 0.0 13.1
0.0 0.0 12.2
0.0 0.0 12.2
0.0 0.0 12.2
0.0 0.0 12.2
0.0 0.0 12.2
0.0 0.0 12.2
0.0 0.0 12.2
0.0 0.0 12.2
0.0 0.0 12.2
0.0 0.0 12.2
0.0 0.0 12.2
0.0 0.0 12.2
0.0 0.0 12.2
0.0 0.0 14.7
0.0 0.0 14.7
0.0 0.0 14.7
0.0 0.0 14.7
0.0 0.0 14.7
0.0 0.0 14.7
0.0 0.0 14.7
0.0 0.0 14.7
0.0 0.0 14.7
0.0 0.0 14.7
0.0 0.0 14.7
0.0 0.0 14.7
0.0 0.0 14.7
0.0 0.0 16.7
0.0 0.0 16.7
0.0 0.0 16.7
0.0 0.0 16.7
0.0 0.0 16.7
0.0 0.0 16.7
0.0 0.0 16.7
0.0 0.0 16.7
0.0 0.0 16.7
0.0 0.0 16.7
0.0 0.0 16.7
0.0 0.0 16.7
0.0 0.0 16.7
0.0 0.0 11.6
0.0 0.0 11.6
0.0 0.0 11.6
0.0 0.0 11.6
0.0 0.0 11.6
0.0 0.0 11.6
0.0 0.0 11.6
0.0 0.0 11.6
0.0 0.0 11.6
0.0 0.0 11.6
0.0 0.0 11.6
0.0 0.0 11.6
0.0 0.0 11.6
0.0 0.0 14.8
0.0 0.0 14.8
0.0 0.0 14.8
0.0 0.0 14.8
0.0 0.0 14.8
0.0 0.0 14.8
0.0 0.0 14.8
0.0 0.0 14.8
Numero de Fallas:0
0.0 0.0 NaN
0.0 0.0 100.0
0.0 0.0 NaN
0.0 0.0 NaN
1.0 0.0 NaN
0.0 0.0 NaN
0.0 0.0 NaN
0.0 0.0 NaN
0.0 0.0 NaN
0.0 0.0 NaN
0.0 0.0 NaN
0.0 0.0 100.0
0.0 0.0 100.0
0.0 0.0 100.0
0.0 0.0 100.0
0.0 0.0 100.0
0.0 0.0 100.0
0.0 0.0 100.0
0.0 0.0 100.0
0.0 0.0 100.0
0.0 0.0 100.0
0.0 0.0 100.0
0.0 0.0 100.0
0.0 0.0 14.8
0.0 0.0 14.8
0.0 0.0 14.8
0.0 0.0 14.8
0.0 0.0 14.8
0.0 0.0 14.8
0.0 0.0 14.8
0.0 0.0 14.8
0.0 0.0 14.8
0.0 0.0 14.8
0.0 0.0 14.8
0.0 0.0 14.8
0.0 0.0 14.8
0.0 0.0 16.0
0.0 0.0 16.0
0.0 0.0 16.0
0.0 0.0 16.0
0.0 0.0 16.0
0.0 0.0 16.0
0.0 0.0 16.0
0.0 0.0 16.0
0.0 0.0 16.0
0.0 0.0 16.0
0.0 0.0 16.0
0.0 0.0 16.0
0.0 0.0 16.0
0.0 0.0 15.2
0.0 0.0 15.2
0.0 0.0 15.2
0.0 0.0 15.2
0.0 0.0 15.2
1.0 0.0 15.2
0.0 0.0 15.2
0.0 0.0 15.2
0.0 0.0 15.2
0.0 0.0 15.2
0.0 0.0 15.2
0.0 0.0 15.2
0.0 0.0 15.2
0.0 0.0 26.6
0.0 0.0 26.6
0.0 0.0 26.6
0.0 0.0 26.6
0.0 0.0 26.6
0.0 0.0 26.6
0.0 0.0 26.6
0.0 0.0 26.6
0.0 0.0 26.6
0.0 0.0 26.6
0.0 0.0 26.6
0.0 0.0 26.6
0.0 0.0 26.6
0.0 0.0 11.3
0.0 0.0 11.3
0.0 0.0 11.3
0.0 0.0 11.3
0.0 0.0 11.3
0.0 0.0 11.3
0.0 0.0 11.3
0.0 0.0 11.3
0.0 0.0 11.3
0.0 0.0 11.3
0.0 1.0 11.3
0.0 0.0 11.3
0.0 0.0 11.3
0.0 0.0 16.0
0.0 0.0 16.0
0.0 0.0 16.0
0.0 0.0 16.0
0.0 0.0 16.0
0.0 0.0 16.0
0.0 0.0 16.0
0.0 0.0 16.0
0.0 0.0 16.0
0.0 0.0 16.0
0.0 0.0 16.0
0.0 0.0 16.0
0.0 0.0 16.0
1.0 0.0 9.6
0.0 0.0 9.6
0.0 0.0 9.6
0.0 0.0 9.6
0.0 0.0 9.6
0.0 0.0 9.6
0.0 0.0 9.6
0.0 0.0 9.6
0.0 0.0 9.6
0.0 0.0 9.6
0.0 0.0 9.6
0.0 0.0 9.6
0.0 0.0 9.6
0.0 0.0 10.3
0.0 0.0 10.3
0.0 0.0 10.3
0.0 0.0 10.3
0.0 0.0 10.3
0.0 0.0 10.3
0.0 0.0 10.3
0.0 0.0 10.3
0.0 0.0 10.3
0.0 0.0 10.3
0.0 0.0 10.3
0.0 0.0 10.3
0.0 0.0 10.3
0.0 0.0 17.6
0.0 0.0 17.6
0.0 0.0 17.6
0.0 0.0 17.6
0.0 0.0 17.6
0.0 0.0 17.6
0.0 0.0 17.6
0.0 0.0 17.6
0.0 0.0 17.6
0.0 0.0 17.6
0.0 0.0 17.6
0.0 0.0 17.6
0.0 0.0 17.6
0.0 0.0 12.4
0.0 0.0 12.4
0.0 0.0 12.4
0.0 0.0 12.4
0.0 0.0 12.4
0.0 0.0 12.4
0.0 0.0 12.4
0.0 0.0 12.4
0.0 0.0 12.4
0.0 0.0 12.4
0.0 0.0 12.4
0.0 0.0 12.4
0.0 0.0 12.4
0.0 0.0 13.3
0.0 0.0 13.3
0.0 0.0 13.3
0.0 0.0 13.3
0.0 0.0 13.3
0.0 0.0 13.3
0.0 0.0 13.3
0.0 0.0 13.3
0.0 0.0 13.3
0.0 0.0 13.3
0.0 0.0 13.3
0.0 0.0 13.3
0.0 0.0 13.3
0.0 0.0 14.5
0.0 0.0 14.5
0.0 0.0 14.5
0.0 0.0 14.5
0.0 0.0 14.5
0.0 0.0 14.5
0.0 0.0 14.5
0.0 0.0 14.5
0.0 0.0 14.5
0.0 0.0 14.5
0.0 0.0 14.5
0.0 0.0 14.5
0.0 0.0 14.5
0.0 0.0 23.8
0.0 0.0 23.8
0.0 0.0 23.8
0.0 0.0 23.8
0.0 0.0 23.8
0.0 0.0 23.8
0.0 0.0 23.8
0.0 0.0 23.8
0.0 0.0 23.8
0.0 0.0 23.8
0.0 0.0 23.8
0.0 0.0 23.8
0.0 0.0 23.8
1.0 0.0 12.2
0.0 0.0 12.2
0.0 0.0 12.2
0.0 0.0 12.2
0.0 0.0 12.2
0.0 0.0 12.2
0.0 0.0 12.2
0.0 0.0 12.2
Numero de Fallas:0
0.0 1.0 0.0
0.0 0.0 0.0
0.0 0.0 0.0
0.0 0.0 0.0
0.0 0.0 0.0
0.0 0.0 0.0
0.0 0.0 0.0
0.0 0.0 0.0
0.0 0.0 0.0
0.0 0.0 0.0
0.0 0.0 0.0
0.0 0.0 0.0
0.0 0.0 0.0
0.0 0.0 0.0
0.0 0.0 0.0
0.0 0.0 0.0
0.0 0.0 0.0
0.0 0.0 0.0
0.0 0.0 0.0
0.0 0.0 0.0
0.0 0.0 0.0
0.0 0.0 0.0
0.0 0.0 0.0
0.0 0.0 14.9
0.0 0.0 14.9
0.0 0.0 14.9
0.0 0.0 14.9
0.0 0.0 14.9
0.0 0.0 14.9
0.0 0.0 14.9
0.0 0.0 14.9
0.0 0.0 14.9
0.0 0.0 14.9
0.0 0.0 14.9
0.0 0.0 14.9
0.0 0.0 14.9
0.0 0.0 26.1
0.0 0.0 26.1
0.0 0.0 26.1
0.0 0.0 26.1
0.0 0.0 26.1
0.0 0.0 26.1
0.0 0.0 26.1
0.0 0.0 26.1
0.0 0.0 26.1
0.0 0.0 26.1
0.0 0.0 26.1
0.0 0.0 26.1
0.0 0.0 26.1
0.0 0.0 12.6
0.0 0.0 12.6
0.0 0.0 12.6
0.0 0.0 12.6
0.0 0.0 12.6
1.0 0.0 12.6
0.0 0.0 12.6
0.0 0.0 12.6
0.0 0.0 12.6
0.0 0.0 12.6
0.0 0.0 12.6
0.0 0.0 12.6
0.0 0.0 12.6
0.0 0.0 15.6
0.0 0.0 15.6
0.0 0.0 15.6
0.0 0.0 15.6
0.0 0.0 15.6
0.0 0.0 15.6
0.0 0.0 15.6
0.0 0.0 15.6
0.0 0.0 15.6
0.0 0.0 15.6
0.0 0.0 15.6
0.0 0.0 15.6
0.0 0.0 15.6
0.0 0.0 14.8
0.0 0.0 14.8
0.0 0.0 14.8
0.0 0.0 14.8
0.0 0.0 14.8
0.0 0.0 14.8
0.0 0.0 14.8
0.0 0.0 14.8
0.0 0.0 14.8
0.0 0.0 14.8
0.0 0.0 14.8
0.0 0.0 14.8
0.0 0.0 14.8
0.0 0.0 12.6
0.0 0.0 12.6
0.0 0.0 12.6
0.0 0.0 12.6
0.0 0.0 12.6
0.0 0.0 12.6
0.0 0.0 12.6
0.0 0.0 12.6
0.0 0.0 12.6
0.0 0.0 12.6
0.0 0.0 12.6
0.0 0.0 12.6
0.0 0.0 12.6
0.0 0.0 12.2
0.0 0.0 12.2
0.0 0.0 12.2
0.0 0.0 12.2
0.0 0.0 12.2
0.0 0.0 12.2
0.0 0.0 12.2
0.0 0.0 12.2
0.0 0.0 12.2
0.0 0.0 12.2
0.0 0.0 12.2
0.0 0.0 12.2
0.0 0.0 12.2
0.0 0.0 11.5
0.0 0.0 11.5
0.0 0.0 11.5
0.0 0.0 11.5
0.0 0.0 11.5
0.0 0.0 11.5
0.0 0.0 11.5
0.0 0.0 11.5
0.0 0.0 11.5
0.0 0.0 11.5
0.0 0.0 11.5
0.0 0.0 11.5
0.0 0.0 11.5
0.0 0.0 13.1
0.0 0.0 13.1
0.0 0.0 13.1
0.0 0.0 13.1
0.0 0.0 13.1
0.0 0.0 13.1
0.0 0.0 13.1
0.0 0.0 13.1
0.0 0.0 13.1
0.0 0.0 13.1
0.0 1.0 13.1
0.0 0.0 13.1
0.0 0.0 13.1
0.0 0.0 12.8
0.0 0.0 12.8
0.0 0.0 12.8
0.0 0.0 12.8
0.0 0.0 12.8
0.0 0.0 12.8
0.0 0.0 12.8
1.0 0.0 12.8
0.0 0.0 12.8
0.0 0.0 12.8
0.0 0.0 12.8
0.0 0.0 12.8
0.0 0.0 12.8
0.0 0.0 13.7
0.0 0.0 13.7
0.0 0.0 13.7
0.0 0.0 13.7
0.0 0.0 13.7
0.0 0.0 13.7
0.0 0.0 13.7
0.0 0.0 13.7
0.0 0.0 13.7
0.0 0.0 13.7
0.0 0.0 13.7
1.0 0.0 13.7
0.0 0.0 13.7
0.0 0.0 8.8
0.0 0.0 8.8
0.0 0.0 8.8
0.0 0.0 8.8
0.0 0.0 8.8
0.0 0.0 8.8
0.0 0.0 8.8
0.0 0.0 8.8
0.0 0.0 8.8
0.0 0.0 8.8
0.0 0.0 8.8
0.0 0.0 8.8
0.0 0.0 8.8
0.0 0.0 14.8
0.0 0.0 14.8
0.0 0.0 14.8
0.0 0.0 14.8
0.0 0.0 14.8
0.0 0.0 14.8
0.0 0.0 14.8
0.0 0.0 14.8
0.0 0.0 14.8
0.0 0.0 14.8
0.0 0.0 14.8
0.0 0.0 14.8
0.0 0.0 14.8
0.0 0.0 10.7
0.0 0.0 10.7
0.0 0.0 10.7
0.0 0.0 10.7
0.0 0.0 10.7
0.0 0.0 10.7
0.0 0.0 10.7
0.0 0.0 10.7
Numero de Fallas:0
0.0 0.0 0.0
0.0 0.0 0.0
0.0 0.0 0.0
0.0 0.0 0.0
0.0 0.0 0.0
0.0 0.0 0.0
0.0 0.0 0.0
0.0 0.0 0.0
0.0 0.0 0.0
0.0 0.0 0.0
0.0 0.0 0.0
0.0 0.0 0.0
0.0 0.0 0.0
0.0 0.0 0.0
0.0 0.0 0.0
0.0 0.0 0.0
0.0 0.0 0.0
0.0 0.0 0.0
0.0 0.0 0.0
0.0 0.0 0.0
0.0 0.0 0.0
0.0 0.0 0.0
0.0 0.0 0.0
0.0 0.0 0.0
0.0 0.0 17.5
0.0 0.0 17.5
0.0 0.0 17.5
0.0 0.0 17.5
0.0 0.0 17.5
0.0 0.0 17.5
0.0 0.0 17.5
0.0 0.0 17.5
0.0 0.0 17.5
0.0 0.0 17.5
0.0 0.0 17.5
0.0 0.0 17.5
0.0 0.0 17.5
0.0 0.0 16.1
0.0 0.0 16.1
0.0 0.0 16.1
0.0 0.0 16.1
0.0 0.0 16.1
0.0 0.0 16.1
0.0 0.0 16.1
0.0 0.0 16.1
0.0 0.0 16.1
0.0 0.0 16.1
0.0 0.0 16.1
0.0 0.0 16.1
0.0 0.0 16.1
0.0 0.0 11.8
0.0 0.0 11.8
0.0 0.0 11.8
0.0 0.0 11.8
1.0 0.0 11.8
0.0 0.0 11.8
0.0 0.0 11.8
0.0 0.0 11.8
0.0 0.0 11.8
0.0 0.0 11.8
0.0 0.0 11.8
0.0 0.0 11.8
0.0 0.0 11.8
0.0 0.0 27.2
0.0 0.0 27.2
0.0 0.0 27.2
0.0 0.0 27.2
0.0 0.0 27.2
0.0 0.0 27.2
0.0 0.0 27.2
0.0 0.0 27.2
0.0 0.0 27.2
0.0 0.0 27.2
0.0 0.0 27.2
0.0 0.0 27.2
0.0 0.0 27.2
0.0 0.0 15.2
0.0 0.0 15.2
0.0 0.0 15.2
0.0 0.0 15.2
0.0 0.0 15.2
0.0 0.0 15.2
0.0 0.0 15.2
0.0 0.0 15.2
0.0 0.0 15.2
0.0 0.0 15.2
0.0 0.0 15.2
0.0 0.0 15.2
0.0 0.0 15.2
0.0 0.0 12.2
0.0 0.0 12.2
0.0 0.0 12.2
0.0 0.0 12.2
0.0 0.0 12.2
0.0 0.0 12.2
0.0 0.0 12.2
0.0 0.0 12.2
0.0 0.0 12.2
0.0 0.0 12.2
0.0 0.0 12.2
0.0 0.0 12.2
0.0 0.0 12.2
0.0 0.0 11.8
0.0 0.0 11.8
0.0 0.0 11.8
0.0 0.0 11.8
0.0 0.0 11.8
0.0 0.0 11.8
0.0 0.0 11.8
0.0 0.0 11.8
0.0 0.0 11.8
0.0 0.0 11.8
0.0 0.0 11.8
0.0 1.0 11.8
0.0 0.0 11.8
0.0 0.0 13.0
0.0 0.0 13.0
0.0 0.0 13.0
0.0 0.0 13.0
0.0 0.0 13.0
0.0 0.0 13.0
0.0 0.0 13.0
0.0 0.0 13.0
0.0 0.0 13.0
0.0 0.0 13.0
0.0 0.0 13.0
0.0 0.0 13.0
0.0 0.0 13.0
0.0 0.0 11.8
0.0 0.0 11.8
0.0 0.0 11.8
0.0 0.0 11.8
0.0 0.0 11.8
0.0 0.0 11.8
0.0 0.0 11.8
0.0 0.0 11.8
0.0 0.0 11.8
0.0 0.0 11.8
0.0 0.0 11.8
0.0 0.0 11.8
0.0 0.0 11.8
0.0 0.0 15.7
0.0 0.0 15.7
0.0 0.0 15.7
0.0 0.0 15.7
0.0 0.0 15.7
0.0 0.0 15.7
0.0 0.0 15.7
0.0 0.0 15.7
0.0 0.0 15.7
0.0 0.0 15.7
0.0 0.0 15.7
0.0 0.0 15.7
0.0 0.0 15.7
0.0 0.0 13.2
0.0 0.0 13.2
0.0 0.0 13.2
0.0 0.0 13.2
0.0 0.0 13.2
0.0 0.0 13.2
0.0 0.0 13.2
0.0 0.0 13.2
0.0 0.0 13.2
0.0 0.0 13.2
0.0 0.0 13.2
0.0 0.0 13.2
0.0 0.0 13.2
0.0 0.0 13.0
0.0 0.0 13.0
0.0 0.0 13.0
0.0 0.0 13.0
0.0 0.0 13.0
0.0 0.0 13.0
0.0 0.0 13.0
0.0 0.0 13.0
0.0 0.0 13.0
0.0 0.0 13.0
0.0 0.0 13.0
0.0 0.0 13.0
0.0 0.0 13.0
0.0 0.0 13.7
0.0 0.0 13.7
0.0 0.0 13.7
0.0 0.0 13.7
0.0 0.0 13.7
0.0 0.0 13.7
0.0 0.0 13.7
0.0 0.0 13.7
0.0 0.0 13.7
0.0 0.0 13.7
0.0 0.0 13.7
0.0 0.0 13.7
0.0 0.0 13.7
0.0 0.0 14.8
0.0 0.0 14.8
0.0 0.0 14.8
0.0 0.0 14.8
0.0 0.0 14.8
0.0 0.0 14.8
0.0 0.0 14.8
Numero de Fallas:0
0.0 0.0 0.0
0.0 0.0 0.0
0.0 0.0 0.0
0.0 0.0 0.0
0.0 0.0 0.0
0.0 0.0 0.0
0.0 0.0 0.0
0.0 0.0 0.0
0.0 0.0 0.0
1.0 0.0 0.0
0.0 0.0 0.0
0.0 0.0 0.0
0.0 0.0 0.0
0.0 0.0 0.0
0.0 0.0 0.0
0.0 0.0 0.0
0.0 0.0 0.0
0.0 0.0 0.0
0.0 0.0 0.0
0.0 0.0 0.0
0.0 0.0 0.0
0.0 0.0 0.0
0.0 0.0 0.0
0.0 0.0 31.6
0.0 0.0 31.6
0.0 0.0 31.6
0.0 0.0 31.6
0.0 0.0 31.6
0.0 0.0 31.6
0.0 0.0 31.6
0.0 0.0 31.6
0.0 0.0 31.6
0.0 0.0 31.6
0.0 0.0 31.6
0.0 0.0 31.6
0.0 0.0 31.6
0.0 0.0 14.1
0.0 0.0 14.1
0.0 0.0 14.1
0.0 0.0 14.1
0.0 0.0 14.1
0.0 0.0 14.1
0.0 0.0 14.1
0.0 0.0 14.1
0.0 0.0 14.1
0.0 0.0 14.1
0.0 0.0 14.1
0.0 0.0 14.1
0.0 0.0 14.1
0.0 0.0 11.8
0.0 0.0 11.8
0.0 0.0 11.8
0.0 0.0 11.8
0.0 0.0 11.8
1.0 0.0 11.8
0.0 0.0 11.8
0.0 0.0 11.8
0.0 0.0 11.8
0.0 0.0 11.8
0.0 0.0 11.8
0.0 0.0 11.8
0.0 0.0 11.8
0.0 0.0 17.8
0.0 0.0 17.8
0.0 0.0 17.8
0.0 0.0 17.8
0.0 0.0 17.8
0.0 0.0 17.8
0.0 0.0 17.8
0.0 0.0 17.8
0.0 0.0 17.8
0.0 0.0 17.8
0.0 0.0 17.8
0.0 0.0 17.8
0.0 0.0 17.8
0.0 0.0 15.6
0.0 0.0 15.6
0.0 0.0 15.6
0.0 0.0 15.6
0.0 0.0 15.6
0.0 0.0 15.6
0.0 0.0 15.6
0.0 0.0 15.6
0.0 0.0 15.6
0.0 0.0 15.6
0.0 0.0 15.6
0.0 0.0 15.6
0.0 0.0 15.6
0.0 0.0 11.5
0.0 0.0 11.5
0.0 0.0 11.5
0.0 0.0 11.5
0.0 0.0 11.5
0.0 0.0 11.5
0.0 0.0 11.5
0.0 0.0 11.5
0.0 0.0 11.5
0.0 0.0 11.5
0.0 0.0 11.5
0.0 0.0 11.5
0.0 0.0 11.5
0.0 0.0 14.8
0.0 0.0 14.8
0.0 0.0 14.8
0.0 0.0 14.8
0.0 0.0 14.8
0.0 0.0 14.8
0.0 0.0 14.8
0.0 0.0 14.8
0.0 0.0 14.8
0.0 0.0 14.8
0.0 0.0 14.8
0.0 0.0 14.8
0.0 0.0 14.8
0.0 0.0 13.0
0.0 0.0 13.0
0.0 0.0 13.0
0.0 0.0 13.0
0.0 0.0 13.0
0.0 0.0 13.0
0.0 0.0 13.0
0.0 0.0 13.0
0.0 0.0 13.0
0.0 0.0 13.0
0.0 0.0 13.0
0.0 0.0 13.0
0.0 0.0 13.0
0.0 0.0 11.6
0.0 0.0 11.6
0.0 0.0 11.6
0.0 0.0 11.6
0.0 0.0 11.6
0.0 0.0 11.6
0.0 0.0 11.6
0.0 0.0 11.6
0.0 0.0 11.6
0.0 0.0 11.6
0.0 0.0 11.6
0.0 0.0 11.6
0.0 0.0 11.6
0.0 0.0 14.3
0.0 0.0 14.3
0.0 0.0 14.3
0.0 0.0 14.3
0.0 0.0 14.3
0.0 0.0 14.3
0.0 0.0 14.3
0.0 0.0 14.3
0.0 0.0 14.3
0.0 0.0 14.3
0.0 0.0 14.3
0.0 0.0 14.3
0.0 0.0 14.3
0.0 0.0 29.9
0.0 0.0 29.9
0.0 0.0 29.9
0.0 0.0 29.9
0.0 0.0 29.9
0.0 0.0 29.9
0.0 0.0 29.9
0.0 0.0 29.9
0.0 0.0 29.9
0.0 0.0 29.9
0.0 0.0 29.9
0.0 0.0 29.9
0.0 0.0 29.9
0.0 0.0 11.1
0.0 0.0 11.1
0.0 0.0 11.1
0.0 0.0 11.1
0.0 0.0 11.1
0.0 0.0 11.1
0.0 0.0 11.1
0.0 0.0 11.1
0.0 0.0 11.1
0.0 0.0 11.1
0.0 0.0 11.1
0.0 0.0 11.1
0.0 0.0 11.1
0.0 0.0 14.8
0.0 0.0 14.8
0.0 0.0 14.8
0.0 0.0 14.8
0.0 0.0 14.8
0.0 0.0 14.8
0.0 0.0 14.8
0.0 0.0 14.8
0.0 0.0 14.8
0.0 0.0 14.8
0.0 0.0 14.8
0.0 0.0 14.8
0.0 0.0 14.8
0.0 0.0 16.7
0.0 0.0 16.7
0.0 0.0 16.7
0.0 0.0 16.7
0.0 0.0 16.7
0.0 0.0 16.7
0.0 0.0 16.7
0.0 0.0 16.7
Numero de Fallas:0
0.0 0.0 0.0
0.0 0.0 0.0
0.0 0.0 0.0
0.0 0.0 0.0
0.0 0.0 0.0
0.0 0.0 0.0
0.0 0.0 0.0
0.0 0.0 0.0
0.0 0.0 0.0
0.0 0.0 0.0
0.0 0.0 0.0
0.0 1.0 0.0
0.0 0.0 0.0
0.0 0.0 0.0
0.0 0.0 0.0
0.0 0.0 0.0
0.0 0.0 0.0
0.0 0.0 0.0
0.0 0.0 0.0
0.0 0.0 0.0
0.0 0.0 0.0
0.0 0.0 0.0
0.0 0.0 0.0
0.0 0.0 0.0
0.0 0.0 17.7
0.0 0.0 17.7
0.0 0.0 17.7
0.0 0.0 17.7
0.0 0.0 17.7
0.0 0.0 17.7
0.0 0.0 17.7
0.0 0.0 17.7
0.0 0.0 17.7
0.0 0.0 17.7
0.0 0.0 17.7
0.0 0.0 17.7
0.0 0.0 17.7
0.0 0.0 14.9
0.0 0.0 14.9
0.0 0.0 14.9
0.0 0.0 14.9
0.0 0.0 14.9
0.0 0.0 14.9
0.0 0.0 14.9
0.0 0.0 14.9
0.0 0.0 14.9
0.0 0.0 14.9
0.0 0.0 14.9
0.0 0.0 14.9
0.0 0.0 14.9
0.0 0.0 16.0
0.0 0.0 16.0
0.0 0.0 16.0
0.0 0.0 16.0
0.0 0.0 16.0
0.0 0.0 16.0
0.0 0.0 16.0
0.0 0.0 16.0
0.0 0.0 16.0
0.0 0.0 16.0
0.0 0.0 16.0
0.0 0.0 16.0
0.0 0.0 16.0
0.0 0.0 15.6
0.0 0.0 15.6
0.0 0.0 15.6
0.0 0.0 15.6
0.0 0.0 15.6
0.0 0.0 15.6
0.0 0.0 15.6
0.0 0.0 15.6
0.0 0.0 15.6
0.0 0.0 15.6
0.0 0.0 15.6
0.0 0.0 15.6
0.0 0.0 15.6
0.0 0.0 13.7
0.0 0.0 13.7
0.0 0.0 13.7
0.0 0.0 13.7
0.0 0.0 13.7
0.0 0.0 13.7
0.0 0.0 13.7
0.0 0.0 13.7
0.0 0.0 13.7
0.0 0.0 13.7
0.0 0.0 13.7
0.0 0.0 13.7
0.0 0.0 13.7
0.0 0.0 27.2
0.0 0.0 27.2
0.0 0.0 27.2
0.0 0.0 27.2
0.0 0.0 27.2
0.0 0.0 27.2
0.0 0.0 27.2
0.0 0.0 27.2
0.0 0.0 27.2
0.0 0.0 27.2
0.0 0.0 27.2
0.0 0.0 27.2
0.0 0.0 27.2
0.0 0.0 11.8
0.0 0.0 11.8
0.0 0.0 11.8
0.0 0.0 11.8
0.0 0.0 11.8
0.0 0.0 11.8
1.0 0.0 11.8
0.0 1.0 11.8
0.0 0.0 11.8
0.0 0.0 11.8
0.0 0.0 11.8
0.0 0.0 11.8
0.0 0.0 11.8
0.0 0.0 15.6
0.0 0.0 15.6
0.0 0.0 15.6
0.0 0.0 15.6
0.0 0.0 15.6
0.0 0.0 15.6
0.0 0.0 15.6
0.0 0.0 15.6
0.0 0.0 15.6
0.0 0.0 15.6
0.0 0.0 15.6
0.0 1.0 15.6
1.0 0.0 15.6
0.0 0.0 14.1
0.0 0.0 14.1
0.0 0.0 14.1
0.0 0.0 14.1
0.0 0.0 14.1
0.0 0.0 14.1
0.0 0.0 14.1
0.0 0.0 14.1
0.0 0.0 14.1
0.0 0.0 14.1
0.0 0.0 14.1
0.0 0.0 14.1
0.0 0.0 14.1
0.0 0.0 16.3
0.0 0.0 16.3
0.0 0.0 16.3
0.0 0.0 16.3
0.0 0.0 16.3
0.0 0.0 16.3
0.0 0.0 16.3
0.0 0.0 16.3
0.0 0.0 16.3
0.0 0.0 16.3
0.0 0.0 16.3
0.0 0.0 16.3
0.0 0.0 16.3
0.0 0.0 25.4
0.0 0.0 25.4
0.0 0.0 25.4
0.0 0.0 25.4
0.0 0.0 25.4
0.0 0.0 25.4
0.0 0.0 25.4
0.0 0.0 25.4
0.0 0.0 25.4
0.0 0.0 25.4
0.0 0.0 25.4
0.0 0.0 25.4
0.0 0.0 25.4
0.0 0.0 30.6
0.0 0.0 30.6
0.0 0.0 30.6
0.0 0.0 30.6
0.0 0.0 30.6
0.0 0.0 30.6
0.0 0.0 30.6
0.0 0.0 30.6
0.0 0.0 30.6
0.0 0.0 30.6
0.0 0.0 30.6
0.0 0.0 30.6
0.0 0.0 30.6
0.0 0.0 11.8
0.0 0.0 11.8
0.0 0.0 11.8
0.0 0.0 11.8
0.0 0.0 11.8
0.0 0.0 11.8
0.0 0.0 11.8
0.0 0.0 11.8
0.0 0.0 11.8
0.0 0.0 11.8
0.0 0.0 11.8
0.0 0.0 11.8
0.0 0.0 11.8
0.0 0.0 15.6
0.0 0.0 15.6
0.0 0.0 15.6
0.0 0.0 15.6
0.0 0.0 15.6
0.0 0.0 15.6
0.0 0.0 15.6
Numero de Fallas:0