
0.0 0.0 NaN
0.0 0.0 NaN
0.0 0.0 NaN
0.0 0.0 NaN
0.0 0.0 NaN
0.0 0.0 NaN
0.0 0.0 NaN
0.0 0.0 NaN
1.0 0.0 NaN
1.0 0.0 NaN
0.0 0.0 40.6
0.0 0.0 40.6
0.0 0.0 40.6
0.0 0.0 40.6
0.0 0.0 40.6
0.0 0.0 40.6
0.0 0.0 40.6
0.0 1.0 40.6
1.0 0.0 40.6
0.0 0.0 40.6
0.0 0.0 40.6
0.0 0.0 40.6
0.0 0.0 40.6
0.0 0.0 9.4
0.0 0.0 9.4
0.0 0.0 9.4
0.0 0.0 9.4
0.0 0.0 9.4
0.0 0.0 9.4
0.0 0.0 9.4
0.0 0.0 9.4
0.0 0.0 9.4
0.0 0.0 9.4
0.0 0.0 9.4
0.0 0.0 9.4
0.0 0.0 9.4
0.0 0.0 16.3
0.0 0.0 16.3
0.0 0.0 16.3
0.0 0.0 16.3
0.0 0.0 16.3
0.0 0.0 16.3
0.0 0.0 16.3
0.0 0.0 16.3
0.0 0.0 16.3
0.0 0.0 16.3
0.0 0.0 16.3
0.0 0.0 16.3
0.0 0.0 16.3
0.0 0.0 11.1
0.0 0.0 11.1
0.0 0.0 11.1
0.0 0.0 11.1
0.0 0.0 11.1
1.0 1.0 11.1
0.0 0.0 11.1
0.0 0.0 11.1
0.0 0.0 11.1
0.0 0.0 11.1
0.0 0.0 11.1
0.0 0.0 11.1
0.0 0.0 11.1
0.0 0.0 14.5
0.0 0.0 14.5
0.0 0.0 14.5
0.0 0.0 14.5
0.0 0.0 14.5
0.0 0.0 14.5
0.0 0.0 14.5
0.0 0.0 14.5
0.0 0.0 14.5
0.0 0.0 14.5
0.0 0.0 14.5
0.0 0.0 14.5
0.0 0.0 14.5
0.0 0.0 13.7
0.0 0.0 13.7
0.0 0.0 13.7
0.0 0.0 13.7
0.0 0.0 13.7
0.0 0.0 13.7
0.0 0.0 13.7
0.0 0.0 13.7
0.0 0.0 13.7
0.0 0.0 13.7
0.0 0.0 13.7
0.0 0.0 13.7
0.0 0.0 13.7
0.0 0.0 25.3
0.0 0.0 25.3
0.0 0.0 25.3
0.0 0.0 25.3
0.0 0.0 25.3
0.0 0.0 25.3
0.0 0.0 25.3
0.0 0.0 25.3
0.0 0.0 25.3
0.0 0.0 25.3
0.0 0.0 25.3
0.0 0.0 25.3
0.0 0.0 25.3
0.0 0.0 11.8
0.0 0.0 11.8
0.0 0.0 11.8
0.0 0.0 11.8
0.0 0.0 11.8
0.0 0.0 11.8
0.0 0.0 11.8
0.0 0.0 11.8
0.0 0.0 11.8
0.0 0.0 11.8
0.0 0.0 11.8
0.0 0.0 11.8
0.0 0.0 11.8
0.0 0.0 13.0
0.0 0.0 13.0
0.0 0.0 13.0
0.0 0.0 13.0
0.0 0.0 13.0
0.0 0.0 13.0
0.0 0.0 13.0
0.0 0.0 13.0
0.0 1.0 13.0
0.0 0.0 13.0
0.0 0.0 13.0
0.0 0.0 13.0
0.0 0.0 13.0
0.0 0.0 13.5
0.0 1.0 13.5
0.0 0.0 13.5
0.0 0.0 13.5
0.0 0.0 13.5
0.0 0.0 13.5
0.0 0.0 13.5
0.0 0.0 13.5
0.0 0.0 13.5
0.0 0.0 13.5
0.0 0.0 13.5
0.0 0.0 13.5
0.0 0.0 13.5
1.0 0.0 13.3
0.0 1.0 13.3
0.0 0.0 13.3
0.0 0.0 13.3
0.0 0.0 13.3
0.0 0.0 13.3
0.0 0.0 13.3
0.0 0.0 13.3
0.0 1.0 13.3
0.0 0.0 13.3
0.0 0.0 13.3
0.0 0.0 13.3
0.0 0.0 13.3
0.0 0.0 16.5
0.0 0.0 16.5
0.0 0.0 16.5
0.0 0.0 16.5
0.0 0.0 16.5
0.0 0.0 16.5
0.0 0.0 16.5
0.0 0.0 16.5
0.0 0.0 16.5
0.0 0.0 16.5
0.0 0.0 16.5
0.0 0.0 16.5
0.0 0.0 16.5
0.0 0.0 12.6
0.0 0.0 12.6
0.0 0.0 12.6
0.0 0.0 12.6
0.0 0.0 12.6
1.0 0.0 12.6
0.0 0.0 12.6
0.0 0.0 12.6
0.0 0.0 12.6
0.0 0.0 12.6
0.0 0.0 12.6
0.0 0.0 12.6
0.0 0.0 12.6
0.0 0.0 11.8
0.0 0.0 11.8
0.0 0.0 11.8
0.0 0.0 11.8
0.0 0.0 11.8
0.0 0.0 11.8
0.0 0.0 11.8
0.0 0.0 11.8
0.0 1.0 11.8
0.0 0.0 11.8
0.0 0.0 11.8
0.0 0.0 11.8
0.0 0.0 11.8
0.0 0.0 15.6
0.0 0.0 15.6
0.0 0.0 15.6
0.0 0.0 15.6
0.0 0.0 15.6
0.0 0.0 15.6
0.0 0.0 15.6
0.0 0.0 15.6
Numero de Fallas:0
0.0 0.0 NaN
0.0 0.0 NaN
0.0 0.0 NaN
0.0 0.0 NaN
0.0 0.0 NaN
0.0 0.0 NaN
0.0 0.0 NaN
0.0 0.0 NaN
0.0 0.0 NaN
0.0 0.0 NaN
0.0 0.0 12.5
0.0 0.0 12.5
0.0 0.0 12.5
0.0 0.0 12.5
0.0 0.0 12.5
0.0 0.0 12.5
0.0 0.0 12.5
0.0 0.0 12.5
0.0 0.0 12.5
0.0 0.0 12.5
0.0 0.0 12.5
0.0 0.0 12.5
0.0 0.0 12.5
0.0 0.0 16.3
0.0 0.0 16.3
0.0 0.0 16.3
0.0 0.0 16.3
0.0 0.0 16.3
0.0 0.0 16.3
0.0 0.0 16.3
0.0 0.0 16.3
0.0 0.0 16.3
0.0 0.0 16.3
0.0 0.0 16.3
0.0 0.0 16.3
0.0 0.0 16.3
0.0 0.0 13.3
0.0 0.0 13.3
0.0 0.0 13.3
0.0 0.0 13.3
0.0 0.0 13.3
0.0 0.0 13.3
0.0 0.0 13.3
0.0 0.0 13.3
0.0 0.0 13.3
0.0 0.0 13.3
0.0 0.0 13.3
0.0 0.0 13.3
0.0 0.0 13.3
0.0 0.0 14.8
0.0 0.0 14.8
0.0 0.0 14.8
0.0 0.0 14.8
0.0 0.0 14.8
1.0 0.0 14.8
0.0 0.0 14.8
0.0 0.0 14.8
0.0 0.0 14.8
0.0 0.0 14.8
0.0 0.0 14.8
0.0 0.0 14.8
0.0 0.0 14.8
0.0 0.0 15.6
0.0 0.0 15.6
0.0 0.0 15.6
0.0 0.0 15.6
0.0 0.0 15.6
0.0 0.0 15.6
0.0 0.0 15.6
0.0 0.0 15.6
0.0 0.0 15.6
0.0 0.0 15.6
0.0 0.0 15.6
0.0 0.0 15.6
0.0 0.0 15.6
0.0 0.0 11.8
0.0 0.0 11.8
0.0 0.0 11.8
0.0 0.0 11.8
0.0 0.0 11.8
0.0 0.0 11.8
0.0 0.0 11.8
0.0 0.0 11.8
0.0 0.0 11.8
0.0 0.0 11.8
0.0 0.0 11.8
0.0 0.0 11.8
0.0 0.0 11.8
0.0 0.0 29.8
0.0 0.0 29.8
0.0 0.0 29.8
0.0 0.0 29.8
0.0 0.0 29.8
0.0 0.0 29.8
0.0 0.0 29.8
0.0 0.0 29.8
0.0 0.0 29.8
0.0 0.0 29.8
0.0 0.0 29.8
0.0 0.0 29.8
0.0 0.0 29.8
0.0 0.0 14.5
0.0 0.0 14.5
0.0 0.0 14.5
0.0 0.0 14.5
0.0 0.0 14.5
0.0 0.0 14.5
0.0 0.0 14.5
0.0 0.0 14.5
0.0 0.0 14.5
0.0 0.0 14.5
0.0 0.0 14.5
0.0 0.0 14.5
0.0 0.0 14.5
0.0 0.0 10.0
0.0 0.0 10.0
0.0 0.0 10.0
0.0 0.0 10.0
0.0 0.0 10.0
0.0 0.0 10.0
0.0 0.0 10.0
1.0 0.0 10.0
0.0 0.0 10.0
0.0 0.0 10.0
0.0 0.0 10.0
0.0 0.0 10.0
0.0 0.0 10.0
0.0 0.0 9.0
0.0 0.0 9.0
0.0 0.0 9.0
0.0 0.0 9.0
0.0 0.0 9.0
0.0 0.0 9.0
0.0 0.0 9.0
0.0 0.0 9.0
0.0 0.0 9.0
0.0 0.0 9.0
0.0 0.0 9.0
0.0 0.0 9.0
0.0 0.0 9.0
0.0 0.0 14.7
0.0 0.0 14.7
0.0 0.0 14.7
0.0 0.0 14.7
0.0 0.0 14.7
0.0 0.0 14.7
0.0 0.0 14.7
0.0 0.0 14.7
0.0 0.0 14.7
0.0 0.0 14.7
0.0 0.0 14.7
0.0 0.0 14.7
0.0 0.0 14.7
0.0 0.0 13.7
0.0 0.0 13.7
0.0 0.0 13.7
0.0 0.0 13.7
0.0 0.0 13.7
0.0 0.0 13.7
0.0 0.0 13.7
0.0 0.0 13.7
0.0 0.0 13.7
0.0 0.0 13.7
0.0 0.0 13.7
0.0 0.0 13.7
0.0 0.0 13.7
0.0 0.0 15.2
0.0 0.0 15.2
0.0 0.0 15.2
0.0 0.0 15.2
0.0 0.0 15.2
0.0 0.0 15.2
0.0 0.0 15.2
0.0 0.0 15.2
0.0 0.0 15.2
0.0 0.0 15.2
0.0 0.0 15.2
0.0 0.0 15.2
0.0 0.0 15.2
0.0 0.0 13.3
0.0 0.0 13.3
0.0 0.0 13.3
0.0 0.0 13.3
0.0 0.0 13.3
0.0 0.0 13.3
0.0 0.0 13.3
0.0 0.0 13.3
0.0 0.0 13.3
0.0 0.0 13.3
0.0 0.0 13.3
0.0 0.0 13.3
0.0 0.0 13.3
0.0 0.0 12.6
0.0 0.0 12.6
0.0 0.0 12.6
0.0 0.0 12.6
0.0 0.0 12.6
0.0 0.0 12.6
0.0 0.0 12.6
0.0 0.0 12.6
Numero de Fallas:0
0.0 0.0 NaN
0.0 0.0 NaN
0.0 0.0 NaN
0.0 0.0 NaN
0.0 0.0 NaN
0.0 0.0 NaN
0.0 0.0 NaN
0.0 0.0 NaN
0.0 0.0 NaN
1.0 0.0 NaN
0.0 0.0 31.1
0.0 0.0 31.1
0.0 0.0 31.1
0.0 0.0 31.1
0.0 0.0 31.1
0.0 0.0 31.1
0.0 0.0 31.1
0.0 0.0 31.1
0.0 0.0 31.1
0.0 0.0 31.1
0.0 0.0 31.1
0.0 0.0 31.1
0.0 0.0 31.1
0.0 0.0 13.2
0.0 1.0 13.2
0.0 0.0 13.2
0.0 0.0 13.2
0.0 0.0 13.2
0.0 0.0 13.2
0.0 0.0 13.2
0.0 0.0 13.2
0.0 0.0 13.2
0.0 0.0 13.2
0.0 0.0 13.2
0.0 0.0 13.2
0.0 0.0 13.2
0.0 0.0 15.2
0.0 0.0 15.2
0.0 0.0 15.2
0.0 0.0 15.2
0.0 0.0 15.2
0.0 0.0 15.2
0.0 0.0 15.2
0.0 0.0 15.2
0.0 0.0 15.2
0.0 0.0 15.2
0.0 0.0 15.2
0.0 0.0 15.2
0.0 0.0 15.2
0.0 0.0 8.8
0.0 0.0 8.8
0.0 0.0 8.8
0.0 0.0 8.8
0.0 0.0 8.8
0.0 0.0 8.8
0.0 0.0 8.8
0.0 0.0 8.8
0.0 0.0 8.8
0.0 0.0 8.8
0.0 0.0 8.8
0.0 0.0 8.8
0.0 0.0 8.8
0.0 0.0 17.1
0.0 0.0 17.1
0.0 0.0 17.1
0.0 0.0 17.1
0.0 0.0 17.1
0.0 0.0 17.1
0.0 0.0 17.1
0.0 0.0 17.1
0.0 0.0 17.1
0.0 0.0 17.1
0.0 0.0 17.1
0.0 0.0 17.1
0.0 0.0 17.1
0.0 0.0 11.5
0.0 0.0 11.5
0.0 0.0 11.5
0.0 0.0 11.5
0.0 0.0 11.5
0.0 0.0 11.5
0.0 0.0 11.5
0.0 0.0 11.5
0.0 0.0 11.5
0.0 0.0 11.5
0.0 0.0 11.5
0.0 0.0 11.5
0.0 0.0 11.5
0.0 0.0 9.6
0.0 0.0 9.6
0.0 0.0 9.6
0.0 0.0 9.6
0.0 0.0 9.6
0.0 0.0 9.6
0.0 0.0 9.6
0.0 0.0 9.6
0.0 0.0 9.6
0.0 0.0 9.6
0.0 0.0 9.6
0.0 0.0 9.6
0.0 1.0 9.6
0.0 0.0 25.5
0.0 0.0 25.5
0.0 0.0 25.5
0.0 0.0 25.5
0.0 0.0 25.5
0.0 0.0 25.5
0.0 0.0 25.5
0.0 0.0 25.5
0.0 0.0 25.5
0.0 0.0 25.5
0.0 0.0 25.5
1.0 0.0 25.5
0.0 0.0 25.5
0.0 0.0 14.5
0.0 0.0 14.5
0.0 0.0 14.5
1.0 0.0 14.5
0.0 0.0 14.5
0.0 0.0 14.5
0.0 0.0 14.5
0.0 0.0 14.5
0.0 0.0 14.5
0.0 0.0 14.5
0.0 0.0 14.5
0.0 0.0 14.5
0.0 0.0 14.5
0.0 1.0 15.0
0.0 0.0 15.0
0.0 0.0 15.0
0.0 0.0 15.0
0.0 0.0 15.0
0.0 0.0 15.0
0.0 0.0 15.0
0.0 0.0 15.0
0.0 0.0 15.0
0.0 0.0 15.0
0.0 0.0 15.0
0.0 0.0 15.0
0.0 0.0 15.0
0.0 0.0 14.3
0.0 0.0 14.3
0.0 0.0 14.3
0.0 0.0 14.3
0.0 0.0 14.3
0.0 0.0 14.3
0.0 0.0 14.3
0.0 0.0 14.3
0.0 0.0 14.3
0.0 0.0 14.3
0.0 0.0 14.3
0.0 0.0 14.3
0.0 0.0 14.3
0.0 0.0 12.6
0.0 0.0 12.6
0.0 0.0 12.6
0.0 0.0 12.6
0.0 0.0 12.6
0.0 0.0 12.6
0.0 0.0 12.6
0.0 0.0 12.6
0.0 0.0 12.6
0.0 0.0 12.6
0.0 0.0 12.6
0.0 0.0 12.6
0.0 0.0 12.6
0.0 0.0 10.7
0.0 0.0 10.7
0.0 0.0 10.7
0.0 0.0 10.7
0.0 0.0 10.7
0.0 0.0 10.7
0.0 0.0 10.7
0.0 0.0 10.7
0.0 0.0 10.7
0.0 0.0 10.7
0.0 0.0 10.7
0.0 0.0 10.7
0.0 0.0 10.7
0.0 0.0 12.6
0.0 0.0 12.6
0.0 0.0 12.6
0.0 0.0 12.6
0.0 0.0 12.6
0.0 0.0 12.6
0.0 0.0 12.6
0.0 0.0 12.6
0.0 0.0 12.6
0.0 0.0 12.6
0.0 0.0 12.6
0.0 0.0 12.6
0.0 0.0 12.6
0.0 0.0 13.7
0.0 0.0 13.7
0.0 0.0 13.7
0.0 0.0 13.7
0.0 0.0 13.7
0.0 0.0 13.7
0.0 0.0 13.7
1.0 0.0 13.7
Numero de Fallas:0
0.0 0.0 NaN
0.0 0.0 NaN
0.0 0.0 NaN
0.0 0.0 NaN
0.0 0.0 NaN
0.0 0.0 NaN
0.0 0.0 NaN
0.0 0.0 NaN
0.0 0.0 NaN
0.0 0.0 NaN
0.0 0.0 0.0
0.0 0.0 0.0
0.0 0.0 0.0
0.0 0.0 0.0
0.0 0.0 0.0
0.0 0.0 0.0
0.0 0.0 0.0
0.0 0.0 0.0
0.0 0.0 0.0
0.0 0.0 0.0
0.0 0.0 0.0
0.0 0.0 0.0
0.0 0.0 0.0
0.0 0.0 14.8
0.0 0.0 14.8
0.0 0.0 14.8
0.0 0.0 14.8
0.0 0.0 14.8
0.0 0.0 14.8
0.0 0.0 14.8
0.0 0.0 14.8
0.0 0.0 14.8
0.0 0.0 14.8
0.0 0.0 14.8
0.0 0.0 14.8
0.0 0.0 14.8
0.0 0.0 12.2
0.0 0.0 12.2
0.0 0.0 12.2
0.0 0.0 12.2
0.0 0.0 12.2
0.0 0.0 12.2
0.0 0.0 12.2
0.0 0.0 12.2
0.0 0.0 12.2
0.0 0.0 12.2
0.0 0.0 12.2
0.0 0.0 12.2
0.0 0.0 12.2
0.0 0.0 12.2
0.0 0.0 12.2
0.0 0.0 12.2
0.0 0.0 12.2
0.0 0.0 12.2
1.0 0.0 12.2
0.0 0.0 12.2
0.0 0.0 12.2
0.0 0.0 12.2
0.0 0.0 12.2
0.0 0.0 12.2
0.0 0.0 12.2
0.0 0.0 12.2
0.0 0.0 12.6
0.0 0.0 12.6
0.0 0.0 12.6
0.0 0.0 12.6
0.0 0.0 12.6
0.0 0.0 12.6
0.0 0.0 12.6
0.0 0.0 12.6
0.0 0.0 12.6
0.0 0.0 12.6
0.0 0.0 12.6
0.0 0.0 12.6
0.0 0.0 12.6
0.0 0.0 12.2
0.0 0.0 12.2
0.0 0.0 12.2
0.0 0.0 12.2
0.0 0.0 12.2
0.0 0.0 12.2
0.0 0.0 12.2
0.0 0.0 12.2
0.0 0.0 12.2
0.0 0.0 12.2
0.0 0.0 12.2
0.0 0.0 12.2
0.0 0.0 12.2
0.0 0.0 14.5
0.0 0.0 14.5
0.0 0.0 14.5
0.0 0.0 14.5
0.0 0.0 14.5
0.0 0.0 14.5
0.0 0.0 14.5
0.0 0.0 14.5
0.0 0.0 14.5
0.0 0.0 14.5
0.0 0.0 14.5
0.0 0.0 14.5
0.0 0.0 14.5
0.0 0.0 16.0
0.0 0.0 16.0
0.0 0.0 16.0
0.0 0.0 16.0
1.0 0.0 16.0
0.0 0.0 16.0
0.0 0.0 16.0
0.0 0.0 16.0
0.0 0.0 16.0
0.0 0.0 16.0
0.0 0.0 16.0
0.0 0.0 16.0
0.0 0.0 16.0
0.0 0.0 22.6
0.0 0.0 22.6
0.0 0.0 22.6
0.0 0.0 22.6
0.0 0.0 22.6
0.0 0.0 22.6
0.0 0.0 22.6
0.0 0.0 22.6
0.0 0.0 22.6
0.0 0.0 22.6
0.0 0.0 22.6
0.0 0.0 22.6
0.0 0.0 22.6
0.0 0.0 13.1
0.0 0.0 13.1
0.0 0.0 13.1
0.0 0.0 13.1
0.0 0.0 13.1
0.0 0.0 13.1
0.0 0.0 13.1
0.0 0.0 13.1
0.0 0.0 13.1
0.0 0.0 13.1
0.0 0.0 13.1
0.0 0.0 13.1
0.0 0.0 13.1
0.0 0.0 13.9
0.0 0.0 13.9
0.0 0.0 13.9
0.0 0.0 13.9
0.0 0.0 13.9
0.0 0.0 13.9
0.0 0.0 13.9
0.0 0.0 13.9
0.0 0.0 13.9
0.0 0.0 13.9
0.0 0.0 13.9
0.0 0.0 13.9
0.0 0.0 13.9
0.0 0.0 12.2
0.0 0.0 12.2
0.0 0.0 12.2
0.0 0.0 12.2
0.0 0.0 12.2
0.0 0.0 12.2
0.0 0.0 12.2
0.0 0.0 12.2
0.0 0.0 12.2
0.0 0.0 12.2
0.0 0.0 12.2
0.0 0.0 12.2
0.0 0.0 12.2
0.0 0.0 13.3
0.0 0.0 13.3
0.0 0.0 13.3
0.0 0.0 13.3
0.0 0.0 13.3
0.0 0.0 13.3
0.0 0.0 13.3
0.0 0.0 13.3
0.0 0.0 13.3
0.0 0.0 13.3
0.0 0.0 13.3
0.0 0.0 13.3
0.0 0.0 13.3
0.0 0.0 14.1
0.0 0.0 14.1
0.0 0.0 14.1
0.0 0.0 14.1
0.0 0.0 14.1
0.0 0.0 14.1
0.0 0.0 14.1
0.0 0.0 14.1
0.0 0.0 14.1
0.0 0.0 14.1
0.0 0.0 14.1
0.0 0.0 14.1
0.0 0.0 14.1
0.0 0.0 10.7
0.0 0.0 10.7
0.0 0.0 10.7
0.0 0.0 10.7
0.0 0.0 10.7
0.0 0.0 10.7
0.0 0.0 10.7
0.0 0.0 10.7
Numero de Fallas:0
0.0 0.0 NaN
0.0 0.0 NaN
0.0 0.0 NaN
0.0 0.0 NaN
0.0 0.0 NaN
0.0 0.0 NaN
0.0 0.0 NaN
0.0 0.0 NaN
0.0 0.0 29.0
0.0 1.0 NaN
0.0 0.0 NaN
0.0 0.0 29.0
0.0 0.0 29.0
0.0 0.0 29.0
0.0 0.0 29.0
0.0 0.0 29.0
0.0 0.0 29.0
0.0 0.0 29.0
0.0 0.0 29.0
0.0 0.0 29.0
0.0 0.0 29.0
0.0 0.0 29.0
0.0 0.0 29.0
0.0 0.0 16.3
0.0 0.0 16.3
0.0 0.0 16.3
0.0 0.0 16.3
0.0 0.0 16.3
0.0 0.0 16.3
0.0 0.0 16.3
0.0 0.0 16.3
0.0 0.0 16.3
0.0 0.0 16.3
0.0 0.0 16.3
0.0 0.0 16.3
0.0 0.0 16.3
0.0 0.0 16.3
0.0 0.0 16.3
0.0 0.0 16.3
0.0 0.0 16.3
0.0 0.0 16.3
0.0 0.0 16.3
0.0 0.0 16.3
0.0 0.0 16.3
0.0 0.0 16.3
0.0 0.0 16.3
0.0 0.0 16.3
0.0 0.0 16.3
0.0 0.0 16.3
0.0 0.0 11.8
0.0 0.0 11.8
0.0 0.0 11.8
0.0 0.0 11.8
0.0 0.0 11.8
1.0 0.0 11.8
0.0 0.0 11.8
0.0 0.0 11.8
0.0 0.0 11.8
0.0 0.0 11.8
0.0 0.0 11.8
0.0 0.0 11.8
0.0 0.0 11.8
0.0 0.0 14.8
0.0 0.0 14.8
0.0 0.0 14.8
0.0 0.0 14.8
0.0 0.0 14.8
0.0 0.0 14.8
0.0 0.0 14.8
0.0 0.0 14.8
0.0 0.0 14.8
0.0 0.0 14.8
0.0 0.0 14.8
0.0 0.0 14.8
0.0 0.0 14.8
0.0 0.0 15.6
0.0 0.0 15.6
0.0 0.0 15.6
0.0 0.0 15.6
0.0 0.0 15.6
0.0 0.0 15.6
0.0 0.0 15.6
0.0 0.0 15.6
0.0 0.0 15.6
0.0 0.0 15.6
0.0 0.0 15.6
0.0 0.0 15.6
0.0 0.0 15.6
0.0 0.0 23.8
0.0 0.0 23.8
0.0 0.0 23.8
0.0 0.0 23.8
0.0 0.0 23.8
0.0 0.0 23.8
0.0 0.0 23.8
0.0 0.0 23.8
0.0 0.0 23.8
0.0 0.0 23.8
0.0 0.0 23.8
0.0 0.0 23.8
0.0 0.0 23.8
0.0 0.0 14.1
0.0 0.0 14.1
0.0 0.0 14.1
0.0 0.0 14.1
0.0 0.0 14.1
0.0 0.0 14.1
0.0 0.0 14.1
0.0 0.0 14.1
0.0 0.0 14.1
0.0 0.0 14.1
0.0 0.0 14.1
0.0 0.0 14.1
0.0 0.0 14.1
0.0 0.0 13.0
0.0 0.0 13.0
0.0 0.0 13.0
0.0 0.0 13.0
0.0 0.0 13.0
0.0 0.0 13.0
0.0 0.0 13.0
0.0 0.0 13.0
0.0 0.0 13.0
0.0 0.0 13.0
0.0 0.0 13.0
0.0 0.0 13.0
0.0 0.0 13.0
0.0 0.0 13.5
0.0 0.0 13.5
0.0 0.0 13.5
0.0 0.0 13.5
0.0 0.0 13.5
0.0 0.0 13.5
0.0 0.0 13.5
0.0 0.0 13.5
0.0 0.0 13.5
0.0 0.0 13.5
0.0 0.0 13.5
0.0 0.0 13.5
0.0 0.0 13.5
0.0 0.0 12.8
0.0 0.0 12.8
0.0 0.0 12.8
0.0 0.0 12.8
0.0 0.0 12.8
0.0 0.0 12.8
0.0 0.0 12.8
0.0 0.0 12.8
0.0 0.0 12.8
0.0 0.0 12.8
0.0 0.0 12.8
0.0 0.0 12.8
0.0 0.0 12.8
0.0 0.0 15.6
0.0 0.0 15.6
0.0 0.0 15.6
0.0 0.0 15.6
0.0 0.0 15.6
0.0 0.0 15.6
0.0 0.0 15.6
0.0 0.0 15.6
0.0 0.0 15.6
0.0 0.0 15.6
0.0 0.0 15.6
0.0 0.0 15.6
0.0 0.0 15.6
0.0 0.0 10.0
0.0 0.0 10.0
0.0 0.0 10.0
0.0 0.0 10.0
0.0 0.0 10.0
0.0 0.0 10.0
0.0 0.0 10.0
0.0 0.0 10.0
0.0 0.0 10.0
0.0 0.0 10.0
0.0 0.0 10.0
0.0 0.0 10.0
0.0 0.0 10.0
0.0 0.0 16.0
0.0 0.0 16.0
0.0 0.0 16.0
0.0 0.0 16.0
0.0 0.0 16.0
0.0 0.0 16.0
0.0 0.0 16.0
0.0 0.0 16.0
0.0 0.0 16.0
0.0 0.0 16.0
0.0 0.0 16.0
0.0 0.0 16.0
0.0 0.0 16.0
0.0 0.0 13.3
0.0 0.0 13.3
0.0 0.0 13.3
0.0 0.0 13.3
0.0 0.0 13.3
1.0 0.0 13.3
0.0 0.0 13.3
1.0 0.0 13.3
Numero de Fallas:0
0.0 0.0 NaN
0.0 0.0 NaN
0.0 0.0 NaN
0.0 0.0 NaN
0.0 0.0 NaN
0.0 0.0 NaN
0.0 0.0 NaN
0.0 0.0 NaN
0.0 0.0 NaN
0.0 0.0 NaN
0.0 0.0 100.0
0.0 0.0 100.0
0.0 0.0 100.0
0.0 0.0 100.0
0.0 0.0 100.0
0.0 0.0 100.0
0.0 0.0 100.0
0.0 0.0 100.0
0.0 0.0 100.0
0.0 0.0 100.0
0.0 0.0 100.0
0.0 0.0 100.0
0.0 0.0 100.0
0.0 0.0 11.1
0.0 0.0 11.1
0.0 0.0 11.1
0.0 0.0 11.1
0.0 0.0 11.1
0.0 0.0 11.1
0.0 0.0 11.1
0.0 0.0 11.1
0.0 0.0 11.1
0.0 0.0 11.1
0.0 0.0 11.1
0.0 0.0 11.1
0.0 0.0 11.1
0.0 0.0 10.7
0.0 0.0 10.7
0.0 0.0 10.7
0.0 0.0 10.7
0.0 0.0 10.7
0.0 0.0 10.7
0.0 0.0 10.7
0.0 0.0 10.7
0.0 0.0 10.7
0.0 0.0 10.7
0.0 0.0 10.7
0.0 0.0 10.7
0.0 0.0 10.7
0.0 0.0 14.8
0.0 0.0 14.8
0.0 0.0 14.8
0.0 0.0 14.8
0.0 0.0 14.8
1.0 0.0 14.8
0.0 0.0 14.8
0.0 0.0 14.8
0.0 0.0 14.8
0.0 0.0 14.8
0.0 0.0 14.8
0.0 0.0 14.8
0.0 0.0 14.8
0.0 0.0 14.1
0.0 0.0 14.1
0.0 0.0 14.1
0.0 0.0 14.1
0.0 0.0 14.1
0.0 0.0 14.1
0.0 0.0 14.1
0.0 0.0 14.1
0.0 0.0 14.1
0.0 0.0 14.1
0.0 0.0 14.1
0.0 0.0 14.1
0.0 0.0 14.1
10.0 0.0 7.4
0.0 0.0 7.4
1.0 0.0 7.4
0.0 0.0 7.4
0.0 0.0 7.4
0.0 0.0 7.4
0.0 0.0 7.4
0.0 0.0 7.4
0.0 0.0 7.4
0.0 0.0 7.4
0.0 0.0 7.4
0.0 0.0 7.4
0.0 0.0 7.4
0.0 0.0 11.9
0.0 0.0 11.9
0.0 0.0 11.9
0.0 0.0 11.9
0.0 0.0 11.9
0.0 0.0 11.9
0.0 0.0 11.9
0.0 0.0 11.9
0.0 0.0 11.9
0.0 0.0 11.9
0.0 0.0 11.9
0.0 0.0 11.9
0.0 0.0 11.9
0.0 0.0 12.2
0.0 0.0 12.2
0.0 0.0 12.2
0.0 0.0 12.2
0.0 0.0 12.2
0.0 0.0 12.2
0.0 0.0 12.2
0.0 0.0 12.2
0.0 0.0 12.2
0.0 0.0 12.2
0.0 0.0 12.2
0.0 0.0 12.2
0.0 0.0 12.2
0.0 0.0 10.0
0.0 0.0 10.0
0.0 0.0 10.0
0.0 0.0 10.0
0.0 0.0 10.0
0.0 0.0 10.0
0.0 0.0 10.0
0.0 0.0 10.0
0.0 0.0 10.0
0.0 0.0 10.0
0.0 0.0 10.0
0.0 0.0 10.0
0.0 0.0 10.0
0.0 0.0 13.5
0.0 0.0 13.5
0.0 0.0 13.5
0.0 0.0 13.5
0.0 0.0 13.5
0.0 0.0 13.5
0.0 0.0 13.5
0.0 0.0 13.5
0.0 0.0 13.5
0.0 0.0 13.5
0.0 0.0 13.5
0.0 0.0 13.5
0.0 0.0 13.5
0.0 0.0 12.4
0.0 0.0 12.4
0.0 0.0 12.4
0.0 0.0 12.4
0.0 0.0 12.4
0.0 0.0 12.4
0.0 0.0 12.4
0.0 0.0 12.4
0.0 0.0 12.4
0.0 0.0 12.4
0.0 0.0 12.4
0.0 0.0 12.4
0.0 0.0 12.4
0.0 0.0 11.1
0.0 0.0 11.1
0.0 0.0 11.1
0.0 0.0 11.1
0.0 0.0 11.1
0.0 0.0 11.1
0.0 0.0 11.1
0.0 0.0 11.1
0.0 0.0 11.1
0.0 0.0 11.1
0.0 0.0 11.1
0.0 0.0 11.1
0.0 0.0 11.1
0.0 0.0 14.8
0.0 0.0 14.8
0.0 0.0 14.8
0.0 0.0 14.8
0.0 0.0 14.8
0.0 0.0 14.8
0.0 0.0 14.8
0.0 0.0 14.8
0.0 0.0 14.8
0.0 0.0 14.8
0.0 0.0 14.8
0.0 0.0 14.8
0.0 0.0 14.8
1.0 0.0 11.1
0.0 0.0 11.1
0.0 0.0 11.1
0.0 0.0 11.1
0.0 0.0 11.1
0.0 0.0 11.1
0.0 0.0 11.1
0.0 0.0 11.1
0.0 0.0 11.1
0.0 0.0 11.1
1.0 0.0 11.1
0.0 0.0 11.1
0.0 0.0 11.1
0.0 0.0 22.6
0.0 0.0 22.6
0.0 0.0 22.6
0.0 0.0 22.6
0.0 0.0 22.6
0.0 0.0 22.6
0.0 0.0 22.6
0.0 0.0 22.6
Numero de Fallas:0
0.0 0.0 0.0
0.0 0.0 0.0
0.0 0.0 0.0
0.0 0.0 0.0
0.0 0.0 0.0
0.0 0.0 0.0
0.0 0.0 0.0
0.0 0.0 0.0
0.0 0.0 0.0
0.0 0.0 0.0
0.0 0.0 0.0
0.0 0.0 0.0
0.0 0.0 0.0
0.0 0.0 0.0
0.0 0.0 0.0
0.0 0.0 0.0
0.0 0.0 0.0
0.0 0.0 0.0
0.0 0.0 0.0
0.0 0.0 0.0
0.0 0.0 0.0
0.0 0.0 0.0
0.0 0.0 0.0
0.0 0.0 17.2
0.0 0.0 17.2
0.0 0.0 17.2
0.0 0.0 17.2
0.0 0.0 17.2
0.0 0.0 17.2
0.0 0.0 17.2
0.0 0.0 17.2
0.0 0.0 17.2
0.0 0.0 17.2
0.0 0.0 17.2
0.0 0.0 17.2
0.0 0.0 17.2
0.0 0.0 12.6
0.0 0.0 12.6
0.0 0.0 12.6
0.0 0.0 12.6
0.0 0.0 12.6
0.0 0.0 12.6
0.0 0.0 12.6
0.0 0.0 12.6
0.0 0.0 12.6
0.0 0.0 12.6
0.0 0.0 12.6
0.0 0.0 12.6
0.0 0.0 12.6
0.0 0.0 12.6
0.0 0.0 12.6
0.0 0.0 12.6
0.0 0.0 12.6
0.0 0.0 12.6
1.0 0.0 12.6
0.0 0.0 12.6
0.0 0.0 12.6
0.0 0.0 12.6
0.0 0.0 12.6
0.0 0.0 12.6
0.0 0.0 12.6
0.0 0.0 12.6
0.0 0.0 13.3
0.0 0.0 13.3
0.0 0.0 13.3
0.0 0.0 13.3
0.0 0.0 13.3
0.0 0.0 13.3
0.0 0.0 13.3
0.0 0.0 13.3
0.0 0.0 13.3
0.0 0.0 13.3
0.0 0.0 13.3
0.0 0.0 13.3
0.0 0.0 13.3
0.0 0.0 13.7
0.0 0.0 13.7
0.0 0.0 13.7
0.0 0.0 13.7
0.0 0.0 13.7
0.0 0.0 13.7
0.0 0.0 13.7
0.0 0.0 13.7
0.0 0.0 13.7
0.0 0.0 13.7
0.0 0.0 13.7
0.0 0.0 13.7
0.0 0.0 13.7
0.0 0.0 12.6
0.0 0.0 12.6
0.0 0.0 12.6
0.0 0.0 12.6
0.0 0.0 12.6
0.0 0.0 12.6
0.0 0.0 12.6
0.0 0.0 12.6
0.0 0.0 12.6
0.0 0.0 12.6
0.0 0.0 12.6
0.0 0.0 12.6
0.0 0.0 12.6
0.0 0.0 13.3
0.0 0.0 13.3
0.0 0.0 13.3
0.0 0.0 13.3
0.0 0.0 13.3
0.0 0.0 13.3
0.0 0.0 13.3
0.0 0.0 13.3
0.0 0.0 13.3
0.0 0.0 13.3
0.0 0.0 13.3
0.0 0.0 13.3
1.0 0.0 13.3
0.0 0.0 13.0
0.0 0.0 13.0
0.0 0.0 13.0
0.0 0.0 13.0
0.0 0.0 13.0
0.0 0.0 13.0
0.0 0.0 13.0
0.0 0.0 13.0
0.0 0.0 13.0
0.0 0.0 13.0
0.0 0.0 13.0
0.0 0.0 13.0
0.0 0.0 13.0
0.0 0.0 14.6
0.0 0.0 14.6
0.0 0.0 14.6
0.0 0.0 14.6
0.0 0.0 14.6
0.0 0.0 14.6
0.0 0.0 14.6
0.0 0.0 14.6
0.0 0.0 14.6
0.0 0.0 14.6
0.0 0.0 14.6
0.0 0.0 14.6
0.0 1.0 14.6
0.0 0.0 14.3
0.0 0.0 14.3
0.0 0.0 14.3
0.0 0.0 14.3
0.0 0.0 14.3
0.0 0.0 14.3
0.0 0.0 14.3
0.0 0.0 14.3
0.0 0.0 14.3
0.0 0.0 14.3
0.0 0.0 14.3
0.0 0.0 14.3
0.0 0.0 14.3
0.0 0.0 12.6
0.0 0.0 12.6
0.0 0.0 12.6
0.0 0.0 12.6
0.0 0.0 12.6
0.0 0.0 12.6
0.0 0.0 12.6
0.0 0.0 12.6
0.0 0.0 12.6
0.0 0.0 12.6
0.0 0.0 12.6
0.0 0.0 12.6
0.0 0.0 12.6
0.0 0.0 10.0
0.0 0.0 10.0
0.0 0.0 10.0
0.0 0.0 10.0
0.0 0.0 10.0
0.0 0.0 10.0
0.0 0.0 10.0
0.0 0.0 10.0
0.0 0.0 10.0
0.0 0.0 10.0
0.0 0.0 10.0
0.0 0.0 10.0
0.0 0.0 10.0
1.0 0.0 11.1
0.0 0.0 11.1
0.0 0.0 11.1
0.0 0.0 11.1
0.0 0.0 11.1
0.0 0.0 11.1
0.0 0.0 11.1
0.0 0.0 11.1
0.0 0.0 11.1
0.0 0.0 11.1
0.0 0.0 11.1
0.0 0.0 11.1
0.0 0.0 11.1
0.0 0.0 10.0
0.0 0.0 10.0
0.0 0.0 10.0
0.0 0.0 10.0
0.0 0.0 10.0
0.0 0.0 10.0
0.0 0.0 10.0
0.0 0.0 10.0
Numero de Fallas:0
0.0 0.0 0.0
0.0 0.0 0.0
0.0 0.0 0.0
0.0 0.0 0.0
0.0 0.0 0.0
0.0 0.0 0.0
0.0 0.0 0.0
0.0 0.0 0.0
0.0 0.0 0.0
0.0 0.0 0.0
0.0 0.0 0.0
0.0 0.0 0.0
0.0 0.0 0.0
0.0 0.0 0.0
0.0 0.0 0.0
0.0 0.0 0.0
0.0 0.0 0.0
0.0 0.0 0.0
0.0 0.0 0.0
0.0 0.0 0.0
0.0 0.0 0.0
0.0 0.0 0.0
0.0 0.0 0.0
0.0 0.0 0.0
0.0 0.0 12.8
0.0 0.0 12.8
0.0 0.0 12.8
0.0 0.0 12.8
0.0 0.0 12.8
0.0 0.0 12.8
0.0 0.0 12.8
0.0 0.0 12.8
0.0 0.0 12.8
0.0 0.0 12.8
0.0 0.0 12.8
0.0 0.0 12.8
0.0 0.0 12.8
0.0 0.0 9.1
0.0 0.0 9.1
0.0 0.0 9.1
0.0 0.0 9.1
0.0 0.0 9.1
0.0 0.0 9.1
0.0 0.0 9.1
0.0 0.0 9.1
0.0 0.0 9.1
0.0 0.0 9.1
0.0 0.0 9.1
0.0 0.0 9.1
0.0 0.0 9.1
0.0 0.0 12.2
0.0 0.0 12.2
0.0 0.0 12.2
0.0 0.0 12.2
1.0 0.0 12.2
0.0 0.0 12.2
0.0 0.0 12.2
1.0 0.0 12.2
0.0 0.0 12.2
0.0 0.0 12.2
0.0 0.0 12.2
0.0 0.0 12.2
0.0 0.0 12.2
0.0 0.0 3.2
0.0 0.0 3.2
0.0 0.0 3.2
0.0 0.0 3.2
0.0 0.0 3.2
0.0 0.0 3.2
0.0 0.0 3.2
0.0 0.0 3.2
0.0 0.0 3.2
0.0 0.0 3.2
0.0 0.0 3.2
0.0 0.0 3.2
0.0 0.0 3.2
0.0 0.0 13.7
0.0 0.0 13.7
0.0 0.0 13.7
0.0 0.0 13.7
0.0 0.0 13.7
0.0 0.0 13.7
0.0 0.0 13.7
0.0 0.0 13.7
0.0 0.0 13.7
0.0 0.0 13.7
0.0 0.0 13.7
0.0 0.0 13.7
0.0 0.0 13.7
0.0 0.0 10.3
0.0 0.0 10.3
0.0 0.0 10.3
0.0 0.0 10.3
0.0 0.0 10.3
0.0 0.0 10.3
0.0 0.0 10.3
0.0 0.0 10.3
0.0 0.0 10.3
0.0 0.0 10.3
0.0 0.0 10.3
0.0 0.0 10.3
0.0 0.0 10.3
0.0 0.0 10.0
0.0 0.0 10.0
0.0 0.0 10.0
0.0 0.0 10.0
0.0 0.0 10.0
0.0 0.0 10.0
0.0 0.0 10.0
0.0 0.0 10.0
0.0 0.0 10.0
0.0 0.0 10.0
0.0 0.0 10.0
0.0 0.0 10.0
0.0 0.0 10.0
0.0 0.0 13.3
0.0 0.0 13.3
0.0 0.0 13.3
0.0 0.0 13.3
0.0 0.0 13.3
0.0 0.0 13.3
0.0 0.0 13.3
0.0 0.0 13.3
0.0 0.0 13.3
0.0 0.0 13.3
0.0 0.0 13.3
0.0 0.0 13.3
0.0 0.0 13.3
0.0 0.0 13.0
0.0 0.0 13.0
0.0 0.0 13.0
0.0 0.0 13.0
0.0 0.0 13.0
0.0 0.0 13.0
0.0 0.0 13.0
0.0 0.0 13.0
0.0 0.0 13.0
0.0 0.0 13.0
0.0 0.0 13.0
0.0 0.0 13.0
0.0 0.0 13.0
0.0 0.0 8.1
0.0 0.0 8.1
0.0 0.0 8.1
0.0 0.0 8.1
0.0 0.0 8.1
0.0 0.0 8.1
0.0 0.0 8.1
0.0 0.0 8.1
0.0 0.0 8.1
0.0 0.0 8.1
0.0 0.0 8.1
0.0 0.0 8.1
0.0 0.0 8.1
0.0 0.0 12.6
0.0 0.0 12.6
0.0 0.0 12.6
0.0 0.0 12.6
0.0 0.0 12.6
0.0 0.0 12.6
0.0 0.0 12.6
0.0 0.0 12.6
0.0 0.0 12.6
0.0 0.0 12.6
0.0 0.0 12.6
0.0 0.0 12.6
0.0 0.0 12.6
0.0 0.0 10.3
0.0 0.0 10.3
0.0 0.0 10.3
0.0 0.0 10.3
0.0 0.0 10.3
0.0 0.0 10.3
0.0 0.0 10.3
0.0 0.0 10.3
0.0 0.0 10.3
0.0 0.0 10.3
1.0 0.0 10.3
0.0 0.0 10.3
0.0 0.0 10.3
0.0 0.0 9.6
0.0 0.0 9.6
0.0 0.0 9.6
0.0 0.0 9.6
0.0 0.0 9.6
0.0 0.0 9.6
0.0 0.0 9.6
0.0 0.0 9.6
0.0 0.0 9.6
0.0 0.0 9.6
0.0 0.0 9.6
0.0 0.0 9.6
0.0 0.0 9.6
0.0 0.0 12.6
0.0 0.0 12.6
0.0 0.0 12.6
0.0 0.0 12.6
0.0 0.0 12.6
0.0 0.0 12.6
0.0 0.0 12.6
Numero de Fallas:0
0.0 0.0 0.0
0.0 0.0 0.0
0.0 0.0 0.0
0.0 0.0 0.0
0.0 0.0 0.0
0.0 0.0 0.0
0.0 0.0 0.0
0.0 0.0 0.0
0.0 0.0 0.0
0.0 0.0 0.0
0.0 0.0 0.0
0.0 0.0 0.0
0.0 0.0 0.0
0.0 0.0 0.0
0.0 0.0 0.0
0.0 0.0 0.0
0.0 0.0 0.0
0.0 0.0 0.0
0.0 0.0 0.0
0.0 0.0 0.0
0.0 0.0 0.0
0.0 0.0 0.0
0.0 0.0 0.0
0.0 0.0 13.5
0.0 0.0 13.5
0.0 0.0 13.5
0.0 0.0 13.5
0.0 0.0 13.5
0.0 0.0 13.5
0.0 0.0 13.5
0.0 0.0 13.5
0.0 0.0 13.5
0.0 0.0 13.5
0.0 0.0 13.5
0.0 0.0 13.5
0.0 0.0 13.5
0.0 0.0 13.3
0.0 0.0 13.3
0.0 0.0 13.3
0.0 0.0 13.3
0.0 0.0 13.3
0.0 0.0 13.3
0.0 0.0 13.3
0.0 0.0 13.3
0.0 0.0 13.3
0.0 0.0 13.3
0.0 0.0 13.3
0.0 0.0 13.3
0.0 0.0 13.3
0.0 0.0 16.0
0.0 0.0 16.0
0.0 0.0 16.0
0.0 0.0 16.0
0.0 0.0 16.0
1.0 0.0 16.0
0.0 0.0 16.0
0.0 0.0 16.0
0.0 0.0 16.0
0.0 0.0 16.0
0.0 0.0 16.0
0.0 0.0 16.0
0.0 0.0 16.0
0.0 0.0 22.7
0.0 0.0 22.7
0.0 0.0 22.7
0.0 0.0 22.7
0.0 0.0 22.7
0.0 0.0 22.7
0.0 0.0 22.7
0.0 0.0 22.7
0.0 0.0 22.7
0.0 0.0 22.7
0.0 0.0 22.7
0.0 0.0 22.7
0.0 0.0 22.7
0.0 0.0 16.7
0.0 0.0 16.7
0.0 0.0 16.7
0.0 0.0 16.7
0.0 0.0 16.7
0.0 0.0 16.7
0.0 0.0 16.7
0.0 0.0 16.7
0.0 0.0 16.7
0.0 0.0 16.7
0.0 0.0 16.7
0.0 0.0 16.7
0.0 0.0 16.7
0.0 0.0 8.5
0.0 0.0 8.5
0.0 0.0 8.5
0.0 0.0 8.5
0.0 0.0 8.5
0.0 0.0 8.5
0.0 0.0 8.5
0.0 0.0 8.5
0.0 0.0 8.5
0.0 0.0 8.5
0.0 0.0 8.5
0.0 0.0 8.5
0.0 0.0 8.5
0.0 0.0 13.0
0.0 0.0 13.0
0.0 0.0 13.0
0.0 0.0 13.0
0.0 0.0 13.0
0.0 0.0 13.0
0.0 0.0 13.0
0.0 0.0 13.0
0.0 0.0 13.0
0.0 0.0 13.0
0.0 0.0 13.0
0.0 0.0 13.0
0.0 0.0 13.0
0.0 0.0 13.0
0.0 0.0 13.0
0.0 0.0 13.0
0.0 0.0 13.0
0.0 0.0 13.0
0.0 0.0 13.0
0.0 0.0 13.0
0.0 0.0 13.0
0.0 0.0 13.0
0.0 0.0 13.0
0.0 0.0 13.0
0.0 0.0 13.0
0.0 0.0 13.0
0.0 0.0 12.0
0.0 0.0 12.0
0.0 0.0 12.0
0.0 0.0 12.0
0.0 0.0 12.0
0.0 0.0 12.0
0.0 0.0 12.0
0.0 0.0 12.0
0.0 0.0 12.0
0.0 0.0 12.0
0.0 0.0 12.0
0.0 0.0 12.0
0.0 0.0 12.0
0.0 0.0 13.2
0.0 0.0 13.2
0.0 0.0 13.2
0.0 0.0 13.2
0.0 0.0 13.2
0.0 0.0 13.2
0.0 0.0 13.2
0.0 0.0 13.2
0.0 0.0 13.2
0.0 0.0 13.2
0.0 0.0 13.2
0.0 0.0 13.2
0.0 0.0 13.2
0.0 0.0 12.6
0.0 0.0 12.6
0.0 0.0 12.6
0.0 0.0 12.6
0.0 0.0 12.6
0.0 0.0 12.6
0.0 0.0 12.6
0.0 0.0 12.6
0.0 0.0 12.6
0.0 0.0 12.6
0.0 0.0 12.6
1.0 0.0 12.6
0.0 0.0 12.6
0.0 0.0 5.5
4.0 0.0 5.5
0.0 0.0 5.5
0.0 0.0 5.5
0.0 0.0 5.5
0.0 0.0 5.5
0.0 0.0 5.5
0.0 0.0 5.5
0.0 0.0 5.5
0.0 0.0 5.5
0.0 0.0 5.5
0.0 0.0 5.5
0.0 0.0 5.5
1.0 0.0 14.8
0.0 0.0 14.8
1.0 0.0 14.8
0.0 0.0 14.8
0.0 0.0 14.8
0.0 0.0 14.8
0.0 0.0 14.8
0.0 0.0 14.8
0.0 0.0 14.8
0.0 0.0 14.8
0.0 0.0 14.8
0.0 0.0 14.8
0.0 0.0 14.8
0.0 0.0 12.2
0.0 0.0 12.2
0.0 0.0 12.2
0.0 0.0 12.2
0.0 0.0 12.2
0.0 0.0 12.2
0.0 0.0 12.2
0.0 0.0 12.2
Numero de Fallas:0
0.0 0.0 100.0
0.0 0.0 100.0
0.0 0.0 100.0
0.0 0.0 100.0
0.0 0.0 100.0
0.0 0.0 100.0
0.0 0.0 100.0
0.0 0.0 100.0
0.0 0.0 100.0
0.0 0.0 100.0
0.0 0.0 100.0
0.0 0.0 100.0
0.0 0.0 100.0
0.0 0.0 100.0
0.0 0.0 100.0
0.0 0.0 100.0
0.0 0.0 100.0
0.0 0.0 100.0
0.0 0.0 100.0
0.0 0.0 100.0
0.0 0.0 100.0
0.0 0.0 100.0
0.0 0.0 100.0
0.0 0.0 100.0
0.0 0.0 17.7
0.0 0.0 17.7
0.0 0.0 17.7
0.0 0.0 17.7
0.0 0.0 17.7
0.0 0.0 17.7
0.0 0.0 17.7
0.0 0.0 17.7
0.0 0.0 17.7
0.0 0.0 17.7
0.0 0.0 17.7
0.0 0.0 17.7
0.0 0.0 17.7
0.0 0.0 12.9
0.0 0.0 12.9
0.0 0.0 12.9
0.0 0.0 12.9
0.0 0.0 12.9
0.0 0.0 12.9
0.0 0.0 12.9
0.0 0.0 12.9
0.0 0.0 12.9
0.0 0.0 12.9
0.0 0.0 12.9
0.0 0.0 12.9
0.0 0.0 12.9
0.0 0.0 11.5
0.0 0.0 11.5
0.0 0.0 11.5
0.0 0.0 11.5
1.0 0.0 11.5
0.0 0.0 11.5
0.0 0.0 11.5
0.0 0.0 11.5
0.0 0.0 11.5
0.0 0.0 11.5
0.0 0.0 11.5
0.0 0.0 11.5
0.0 0.0 11.5
0.0 0.0 13.7
0.0 0.0 13.7
0.0 0.0 13.7
0.0 0.0 13.7
0.0 0.0 13.7
0.0 0.0 13.7
0.0 0.0 13.7
0.0 0.0 13.7
0.0 0.0 13.7
0.0 0.0 13.7
0.0 0.0 13.7
0.0 0.0 13.7
0.0 0.0 13.7
0.0 0.0 12.2
0.0 0.0 12.2
0.0 0.0 12.2
0.0 0.0 12.2
0.0 0.0 12.2
0.0 0.0 12.2
0.0 0.0 12.2
0.0 0.0 12.2
0.0 0.0 12.2
0.0 0.0 12.2
0.0 0.0 12.2
0.0 0.0 12.2
0.0 0.0 12.2
0.0 0.0 10.3
0.0 0.0 10.3
0.0 0.0 10.3
0.0 0.0 10.3
0.0 0.0 10.3
0.0 0.0 10.3
0.0 0.0 10.3
0.0 0.0 10.3
0.0 0.0 10.3
0.0 0.0 10.3
0.0 0.0 10.3
0.0 0.0 10.3
0.0 0.0 10.3
0.0 0.0 14.1
0.0 0.0 14.1
0.0 0.0 14.1
0.0 0.0 14.1
0.0 0.0 14.1
0.0 0.0 14.1
0.0 0.0 14.1
0.0 0.0 14.1
0.0 0.0 14.1
0.0 0.0 14.1
0.0 0.0 14.1
0.0 0.0 14.1
0.0 0.0 14.1
0.0 0.0 11.5
0.0 0.0 11.5
0.0 0.0 11.5
0.0 0.0 11.5
0.0 0.0 11.5
0.0 0.0 11.5
0.0 0.0 11.5
0.0 1.0 11.5
0.0 0.0 11.5
0.0 0.0 11.5
0.0 0.0 11.5
0.0 0.0 11.5
0.0 0.0 11.5
0.0 0.0 15.2
0.0 0.0 15.2
0.0 0.0 15.2
0.0 0.0 15.2
0.0 0.0 15.2
0.0 0.0 15.2
0.0 0.0 15.2
0.0 0.0 15.2
0.0 0.0 15.2
0.0 0.0 15.2
0.0 0.0 15.2
0.0 0.0 15.2
0.0 0.0 15.2
0.0 0.0 8.6
0.0 0.0 8.6
0.0 0.0 8.6
0.0 0.0 8.6
0.0 0.0 8.6
0.0 0.0 8.6
0.0 0.0 8.6
0.0 0.0 8.6
0.0 0.0 8.6
0.0 0.0 8.6
0.0 0.0 8.6
0.0 0.0 8.6
0.0 0.0 8.6
0.0 0.0 11.7
0.0 0.0 11.7
0.0 0.0 11.7
0.0 0.0 11.7
0.0 0.0 11.7
0.0 0.0 11.7
0.0 0.0 11.7
0.0 0.0 11.7
0.0 0.0 11.7
0.0 0.0 11.7
0.0 0.0 11.7
0.0 0.0 11.7
0.0 0.0 11.7
0.0 0.0 15.2
0.0 0.0 15.2
0.0 0.0 15.2
0.0 0.0 15.2
0.0 0.0 15.2
0.0 0.0 15.2
0.0 0.0 15.2
0.0 0.0 15.2
0.0 0.0 15.2
0.0 0.0 15.2
0.0 0.0 15.2
0.0 0.0 15.2
0.0 0.0 15.2
0.0 0.0 13.0
0.0 0.0 13.0
0.0 0.0 13.0
0.0 0.0 13.0
0.0 0.0 13.0
0.0 0.0 13.0
0.0 0.0 13.0
0.0 0.0 13.0
0.0 0.0 13.0
0.0 0.0 13.0
0.0 0.0 13.0
0.0 0.0 13.0
0.0 0.0 13.0
0.0 0.0 11.8
0.0 0.0 11.8
0.0 0.0 11.8
0.0 0.0 11.8
0.0 0.0 11.8
0.0 0.0 11.8
0.0 0.0 11.8
Numero de Fallas:0