
0.0 1.0 NaN
1.0 0.0 NaN
1.0 0.0 NaN
0.0 1.0 NaN
0.0 1.0 14.6
0.0 0.0 14.6
0.0 1.0 14.6
0.0 0.0 14.6
0.0 0.0 14.6
0.0 0.0 14.6
0.0 0.0 6.5
1.0 0.0 6.5
0.0 0.0 6.5
0.0 0.0 6.5
0.0 1.0 6.5
0.0 0.0 9.0
0.0 1.0 9.0
0.0 0.0 9.0
0.0 0.0 9.0
1.0 0.0 9.0
0.0 0.0 9.0
0.0 0.0 11.3
0.0 0.0 11.3
1.0 0.0 11.3
0.0 0.0 11.3
0.0 0.0 11.3
0.0 0.0 11.3
0.0 0.0 20.7
0.0 0.0 20.7
0.0 0.0 20.7
0.0 0.0 20.7
0.0 0.0 20.7
0.0 0.0 20.7
0.0 0.0 6.4
0.0 0.0 6.4
0.0 0.0 6.4
0.0 0.0 6.4
0.0 0.0 6.4
0.0 0.0 6.4
0.0 0.0 13.5
0.0 0.0 13.5
0.0 0.0 13.5
0.0 1.0 13.5
0.0 0.0 13.5
0.0 0.0 16.3
0.0 0.0 16.3
0.0 0.0 16.3
0.0 0.0 16.3
0.0 0.0 16.3
0.0 0.0 16.3
0.0 0.0 3.9
1.0 0.0 3.9
0.0 0.0 3.9
0.0 0.0 3.9
1.0 0.0 3.9
0.0 0.0 3.9
0.0 0.0 10.7
0.0 0.0 10.7
0.0 0.0 10.7
0.0 0.0 10.7
0.0 0.0 10.7
0.0 0.0 10.7
0.0 0.0 4.1
1.0 0.0 4.1
0.0 0.0 4.1
0.0 0.0 4.1
0.0 0.0 4.1
0.0 0.0 4.1
0.0 0.0 8.3
0.0 0.0 8.3
0.0 0.0 8.3
0.0 0.0 8.3
1.0 0.0 8.3
1.0 1.0 7.3
0.0 0.0 7.3
1.0 0.0 7.3
0.0 1.0 7.3
0.0 1.0 7.3
0.0 0.0 7.3
0.0 0.0 10.1
Numero de Fallas:0
0.0 0.0 NaN
0.0 0.0 NaN
0.0 0.0 NaN
0.0 0.0 NaN
0.0 0.0 20.7
0.0 0.0 20.7
0.0 0.0 20.7
0.0 0.0 20.7
0.0 0.0 20.7
0.0 1.0 5.8
0.0 0.0 5.8
0.0 0.0 5.8
0.0 0.0 5.8
0.0 0.0 5.8
0.0 0.0 5.8
0.0 0.0 0.8
0.0 0.0 0.8
1.0 0.0 0.8
0.0 0.0 0.8
0.0 0.0 0.8
0.0 0.0 0.8
0.0 0.0 3.9
0.0 0.0 3.9
0.0 0.0 3.9
0.0 0.0 3.9
0.0 0.0 3.9
0.0 0.0 3.9
0.0 0.0 5.1
0.0 0.0 5.1
0.0 0.0 5.1
0.0 0.0 5.1
0.0 0.0 5.1
0.0 0.0 5.1
0.0 0.0 5.4
0.0 0.0 5.4
0.0 0.0 5.4
0.0 0.0 5.4
0.0 0.0 5.4
0.0 0.0 5.4
0.0 0.0 2.1
0.0 0.0 2.1
0.0 0.0 2.1
0.0 0.0 2.1
0.0 0.0 2.1
0.0 0.0 2.1
0.0 0.0 5.7
0.0 0.0 5.7
0.0 0.0 5.7
0.0 0.0 5.7
0.0 0.0 5.7
0.0 0.0 5.7
0.0 0.0 3.1
0.0 0.0 3.1
0.0 0.0 3.1
0.0 0.0 3.1
0.0 0.0 3.1
0.0 0.0 3.1
0.0 0.0 4.7
0.0 0.0 4.7
0.0 0.0 4.7
0.0 0.0 4.7
0.0 0.0 4.7
0.0 0.0 4.7
0.0 0.0 5.2
0.0 0.0 5.2
0.0 0.0 5.2
0.0 0.0 5.2
0.0 0.0 5.2
0.0 0.0 5.2
0.0 0.0 7.5
0.0 0.0 7.5
0.0 0.0 7.5
0.0 0.0 7.5
0.0 0.0 7.5
0.0 0.0 7.5
0.0 0.0 3.8
0.0 0.0 3.8
0.0 0.0 3.8
0.0 0.0 3.8
0.0 0.0 3.8
Numero de Fallas:0
0.0 0.0 NaN
0.0 0.0 NaN
0.0 1.0 NaN
0.0 1.0 NaN
0.0 0.0 16.4
0.0 0.0 16.4
0.0 0.0 16.4
0.0 0.0 16.4
0.0 0.0 16.4
0.0 0.0 16.4
0.0 0.0 4.2
0.0 0.0 4.2
0.0 0.0 4.2
0.0 0.0 4.2
0.0 0.0 4.2
0.0 0.0 2.3
0.0 0.0 2.3
0.0 0.0 2.3
0.0 0.0 2.3
0.0 0.0 2.3
0.0 0.0 2.3
0.0 0.0 5.9
0.0 0.0 5.9
0.0 0.0 5.9
0.0 0.0 5.9
0.0 0.0 5.9
0.0 0.0 5.9
0.0 1.0 6.2
0.0 0.0 6.2
0.0 0.0 6.2
0.0 0.0 6.2
0.0 0.0 6.2
0.0 0.0 6.2
0.0 0.0 0.0
0.0 0.0 0.0
0.0 0.0 0.0
0.0 0.0 0.0
0.0 0.0 0.0
0.0 0.0 0.0
0.0 0.0 7.7
0.0 0.0 7.7
0.0 0.0 7.7
0.0 0.0 7.7
0.0 0.0 7.7
0.0 0.0 7.7
0.0 0.0 2.3
0.0 0.0 2.3
0.0 0.0 2.3
0.0 0.0 2.3
0.0 0.0 2.3
0.0 0.0 2.3
0.0 0.0 2.6
0.0 0.0 2.6
0.0 0.0 2.6
1.0 1.0 2.6
0.0 0.0 2.6
0.0 0.0 2.6
0.0 0.0 4.7
0.0 1.0 4.7
0.0 0.0 4.7
0.0 0.0 4.7
0.0 0.0 4.7
0.0 1.0 6.2
0.0 1.0 6.2
0.0 0.0 6.2
0.0 0.0 6.2
0.0 0.0 6.2
0.0 0.0 6.2
0.0 0.0 4.6
0.0 0.0 4.6
0.0 0.0 4.6
0.0 0.0 4.6
0.0 0.0 4.6
0.0 0.0 4.6
0.0 0.0 3.1
1.0 0.0 3.1
0.0 0.0 3.1
0.0 0.0 3.1
0.0 0.0 3.1
0.0 0.0 3.1
Numero de Fallas:0
0.0 0.0 NaN
0.0 0.0 NaN
0.0 0.0 NaN
0.0 0.0 NaN
0.0 0.0 NaN
0.0 0.0 NaN
0.0 0.0 NaN
0.0 0.0 NaN
0.0 0.0 NaN
0.0 0.0 NaN
0.0 0.0 6.0
0.0 0.0 6.0
0.0 0.0 6.0
0.0 0.0 6.0
0.0 0.0 6.0
0.0 0.0 6.5
0.0 0.0 6.5
0.0 0.0 6.5
0.0 0.0 6.5
0.0 0.0 6.5
0.0 0.0 6.5
0.0 0.0 2.9
0.0 0.0 2.9
0.0 0.0 2.9
0.0 0.0 2.9
0.0 0.0 2.9
0.0 0.0 2.9
0.0 0.0 4.4
0.0 0.0 4.4
0.0 0.0 4.4
0.0 0.0 4.4
0.0 0.0 4.4
0.0 0.0 4.4
0.0 0.0 6.7
0.0 0.0 6.7
0.0 0.0 6.7
0.0 0.0 6.7
0.0 0.0 6.7
0.0 0.0 6.7
0.0 0.0 5.4
0.0 0.0 5.4
0.0 0.0 5.4
0.0 0.0 5.4
0.0 0.0 5.4
0.0 0.0 21.3
0.0 0.0 21.3
0.0 0.0 21.3
0.0 0.0 21.3
0.0 0.0 21.3
0.0 0.0 21.3
0.0 0.0 10.6
0.0 0.0 10.6
0.0 0.0 10.6
0.0 0.0 10.6
1.0 0.0 10.6
0.0 0.0 10.6
0.0 0.0 9.8
0.0 0.0 9.8
0.0 1.0 9.8
0.0 0.0 9.8
0.0 0.0 9.8
0.0 1.0 17.4
0.0 0.0 17.4
0.0 0.0 17.4
0.0 0.0 17.4
0.0 0.0 17.4
0.0 0.0 17.4
0.0 0.0 11.1
0.0 0.0 11.1
0.0 0.0 11.1
0.0 0.0 11.1
0.0 0.0 11.1
0.0 0.0 11.1
0.0 0.0 6.4
0.0 0.0 6.4
0.0 0.0 6.4
0.0 0.0 6.4
0.0 0.0 6.4
0.0 0.0 6.4
0.0 0.0 5.7
Numero de Fallas:0
0.0 0.0 NaN
0.0 0.0 NaN
0.0 0.0 NaN
0.0 0.0 NaN
0.0 0.0 NaN
0.0 0.0 NaN
0.0 0.0 NaN
0.0 0.0 NaN
0.0 0.0 NaN
0.0 0.0 NaN
0.0 0.0 6.7
0.0 0.0 6.7
0.0 0.0 6.7
0.0 0.0 6.7
0.0 0.0 6.7
0.0 0.0 5.8
0.0 0.0 5.8
0.0 0.0 5.8
0.0 0.0 5.8
0.0 0.0 5.8
0.0 0.0 5.8
0.0 0.0 1.3
0.0 0.0 1.3
0.0 0.0 1.3
0.0 0.0 1.3
0.0 0.0 1.3
0.0 0.0 1.3
0.0 0.0 2.1
0.0 0.0 2.1
0.0 0.0 2.1
0.0 0.0 2.1
0.0 0.0 2.1
0.0 0.0 2.1
0.0 0.0 11.2
0.0 0.0 11.2
0.0 0.0 11.2
0.0 0.0 11.2
0.0 0.0 11.2
0.0 0.0 11.2
0.0 0.0 9.6
0.0 0.0 9.6
0.0 0.0 9.6
0.0 0.0 9.6
0.0 0.0 9.6
0.0 0.0 9.6
0.0 0.0 12.4
0.0 0.0 12.4
0.0 0.0 12.4
0.0 0.0 12.4
0.0 0.0 12.4
0.0 1.0 12.4
0.0 0.0 15.1
0.0 0.0 15.1
0.0 0.0 15.1
1.0 1.0 15.1
0.0 0.0 15.1
0.0 0.0 15.1
0.0 0.0 16.0
0.0 0.0 16.0
0.0 0.0 16.0
0.0 0.0 16.0
0.0 0.0 16.0
0.0 0.0 5.4
0.0 1.0 5.4
0.0 0.0 5.4
0.0 0.0 5.4
0.0 1.0 5.4
0.0 0.0 5.4
0.0 0.0 11.1
0.0 0.0 11.1
0.0 0.0 11.1
0.0 0.0 11.1
0.0 0.0 11.1
0.0 0.0 11.1
0.0 0.0 8.0
0.0 0.0 8.0
0.0 0.0 8.0
0.0 0.0 8.0
0.0 0.0 8.0
0.0 0.0 8.0
Numero de Fallas:0
0.0 0.0 NaN
0.0 0.0 NaN
0.0 0.0 NaN
0.0 0.0 NaN
0.0 0.0 31.7
0.0 0.0 31.7
0.0 0.0 31.7
0.0 0.0 31.7
0.0 0.0 31.7
0.0 0.0 31.7
0.0 0.0 8.3
0.0 0.0 8.3
0.0 0.0 8.3
0.0 0.0 8.3
0.0 0.0 8.3
0.0 0.0 10.0
0.0 0.0 10.0
1.0 0.0 10.0
0.0 0.0 10.0
0.0 0.0 10.0
0.0 0.0 10.0
0.0 0.0 8.2
0.0 0.0 8.2
0.0 0.0 8.2
0.0 0.0 8.2
0.0 0.0 8.2
0.0 0.0 8.2
0.0 0.0 5.4
0.0 0.0 5.4
0.0 0.0 5.4
0.0 0.0 5.4
0.0 0.0 5.4
0.0 0.0 5.4
0.0 0.0 5.7
0.0 0.0 5.7
0.0 0.0 5.7
0.0 0.0 5.7
0.0 0.0 5.7
0.0 0.0 5.7
0.0 0.0 4.7
0.0 0.0 4.7
0.0 0.0 4.7
0.0 0.0 4.7
0.0 0.0 4.7
0.0 0.0 4.7
0.0 0.0 10.7
0.0 0.0 10.7
0.0 1.0 10.7
0.0 0.0 10.7
0.0 0.0 10.7
0.0 0.0 10.7
0.0 0.0 7.8
0.0 0.0 7.8
0.0 0.0 7.8
1.0 0.0 7.8
0.0 0.0 7.8
0.0 0.0 7.8
0.0 0.0 7.0
0.0 0.0 7.0
0.0 0.0 7.0
0.0 0.0 7.0
0.0 0.0 7.0
0.0 0.0 7.0
0.0 0.0 1.5
0.0 1.0 1.5
0.0 0.0 1.5
0.0 0.0 1.5
0.0 0.0 1.5
0.0 0.0 1.5
0.0 0.0 5.4
0.0 0.0 5.4
0.0 0.0 5.4
0.0 0.0 5.4
0.0 0.0 5.4
0.0 0.0 5.4
0.0 0.0 11.9
0.0 0.0 11.9
0.0 0.0 11.9
0.0 0.0 11.9
0.0 0.0 11.9
Numero de Fallas:0
0.0 0.0 0.0
0.0 0.0 0.0
0.0 0.0 0.0
0.0 0.0 0.0
0.0 0.0 0.0
0.0 0.0 0.0
0.0 0.0 0.0
0.0 0.0 0.0
0.0 0.0 0.0
1.0 0.0 0.0
0.0 0.0 5.7
0.0 0.0 5.7
0.0 0.0 5.7
1.0 0.0 5.7
0.0 0.0 5.7
0.0 0.0 5.0
0.0 0.0 5.0
0.0 0.0 5.0
0.0 0.0 5.0
0.0 0.0 5.0
0.0 0.0 5.0
0.0 0.0 3.9
0.0 0.0 3.9
0.0 0.0 3.9
0.0 0.0 3.9
0.0 0.0 3.9
0.0 0.0 3.9
0.0 0.0 6.0
0.0 0.0 6.0
0.0 0.0 6.0
0.0 0.0 6.0
7.0 0.0 6.0
0.0 0.0 8.9
0.0 0.0 8.9
0.0 0.0 8.9
0.0 0.0 8.9
0.0 0.0 8.9
0.0 0.0 8.9
0.0 0.0 1.3
0.0 0.0 1.3
0.0 0.0 1.3
0.0 0.0 1.3
0.0 0.0 1.3
0.0 0.0 1.3
0.0 0.0 8.6
0.0 0.0 8.6
0.0 0.0 8.6
0.0 0.0 8.6
0.0 0.0 8.6
0.0 0.0 8.6
0.0 0.0 5.7
0.0 0.0 5.7
0.0 0.0 5.7
0.0 0.0 5.7
1.0 0.0 5.7
0.0 0.0 5.7
0.0 0.0 4.1
0.0 0.0 4.1
0.0 0.0 4.1
0.0 1.0 4.1
0.0 0.0 4.1
0.0 0.0 7.3
0.0 0.0 7.3
0.0 0.0 7.3
0.0 0.0 7.3
0.0 0.0 7.3
0.0 0.0 7.3
0.0 0.0 5.6
0.0 0.0 5.6
0.0 0.0 5.6
1.0 0.0 5.6
0.0 0.0 5.6
0.0 0.0 5.6
0.0 0.0 8.5
0.0 0.0 8.5
0.0 0.0 8.5
0.0 0.0 8.5
0.0 0.0 8.5
0.0 0.0 8.5
0.0 0.0 3.6
Numero de Fallas:0
0.0 0.0 0.0
0.0 0.0 0.0
0.0 0.0 0.0
0.0 0.0 0.0
0.0 0.0 0.0
0.0 0.0 0.0
0.0 0.0 0.0
0.0 1.0 0.0
0.0 0.0 0.0
0.0 0.0 0.0
0.0 0.0 6.4
0.0 0.0 6.4
0.0 0.0 6.4
0.0 0.0 6.4
0.0 0.0 6.4
0.0 0.0 16.2
0.0 0.0 16.2
0.0 0.0 16.2
0.0 0.0 16.2
0.0 0.0 16.2
0.0 0.0 16.2
0.0 0.0 9.5
0.0 0.0 9.5
1.0 0.0 9.5
0.0 0.0 9.5
0.0 0.0 9.5
0.0 0.0 9.5
0.0 0.0 7.0
0.0 0.0 7.0
0.0 0.0 7.0
0.0 0.0 7.0
0.0 0.0 7.0
0.0 0.0 7.0
0.0 0.0 6.4
0.0 0.0 6.4
0.0 0.0 6.4
0.0 0.0 6.4
0.0 0.0 6.4
0.0 0.0 6.4
0.0 0.0 4.4
0.0 0.0 4.4
0.0 0.0 4.4
0.0 0.0 4.4
0.0 0.0 4.4
0.0 0.0 4.4
0.0 0.0 8.6
0.0 0.0 8.6
0.0 0.0 8.6
0.0 0.0 8.6
0.0 0.0 8.6
0.0 0.0 8.6
0.0 0.0 3.1
0.0 0.0 3.1
0.0 0.0 3.1
2.0 0.0 3.1
0.0 0.0 3.1
0.0 0.0 3.1
0.0 0.0 6.4
0.0 0.0 6.4
0.0 0.0 6.4
0.0 0.0 6.4
0.0 0.0 6.4
0.0 0.0 6.4
0.0 0.0 2.8
0.0 0.0 2.8
0.0 0.0 2.8
0.0 0.0 2.8
0.0 0.0 2.8
0.0 0.0 2.8
0.0 0.0 6.7
0.0 0.0 6.7
0.0 0.0 6.7
0.0 0.0 6.7
0.0 0.0 6.7
0.0 0.0 6.7
0.0 0.0 3.4
0.0 0.0 3.4
0.0 0.0 3.4
0.0 0.0 3.4
0.0 0.0 3.4
Numero de Fallas:0
0.0 0.0 0.0
0.0 0.0 0.0
0.0 0.0 0.0
0.0 0.0 0.0
0.0 0.0 0.0
0.0 0.0 0.0
0.0 0.0 0.0
0.0 0.0 0.0
0.0 0.0 0.0
0.0 0.0 0.0
0.0 0.0 7.4
0.0 0.0 7.4
0.0 0.0 7.4
0.0 0.0 7.4
0.0 0.0 7.4
0.0 0.0 5.0
0.0 0.0 5.0
0.0 0.0 5.0
0.0 0.0 5.0
0.0 0.0 5.0
0.0 0.0 5.0
0.0 0.0 6.5
0.0 0.0 6.5
0.0 0.0 6.5
0.0 0.0 6.5
0.0 0.0 6.5
0.0 0.0 6.5
0.0 0.0 4.1
0.0 0.0 4.1
0.0 0.0 4.1
0.0 0.0 4.1
0.0 0.0 4.1
0.0 0.0 4.1
0.0 0.0 7.3
0.0 0.0 7.3
0.0 0.0 7.3
0.0 0.0 7.3
0.0 0.0 7.3
0.0 0.0 7.3
0.0 0.0 5.4
0.0 0.0 5.4
0.0 0.0 5.4
0.0 0.0 5.4
0.0 0.0 5.4
0.0 0.0 5.4
0.0 0.0 3.8
0.0 0.0 3.8
0.0 0.0 3.8
0.0 0.0 3.8
0.0 0.0 3.8
0.0 0.0 3.8
0.0 0.0 6.7
0.0 0.0 6.7
0.0 0.0 6.7
1.0 1.0 6.7
0.0 0.0 6.7
0.0 0.0 6.7
0.0 0.0 9.3
0.0 0.0 9.3
0.0 0.0 9.3
0.0 0.0 9.3
0.0 0.0 9.3
0.0 1.0 4.6
0.0 0.0 4.6
0.0 0.0 4.6
0.0 0.0 4.6
0.0 0.0 4.6
0.0 0.0 4.6
0.0 0.0 8.2
0.0 0.0 8.2
0.0 0.0 8.2
0.0 0.0 8.2
0.0 0.0 8.2
0.0 0.0 8.2
0.0 0.0 3.1
0.0 0.0 3.1
0.0 0.0 3.1
0.0 0.0 3.1
0.0 0.0 3.1
0.0 0.0 3.1
Numero de Fallas:0
0.0 0.0 0.0
0.0 0.0 0.0
0.0 0.0 0.0
0.0 0.0 0.0
0.0 0.0 0.0
0.0 0.0 0.0
0.0 0.0 0.0
0.0 0.0 0.0
0.0 0.0 0.0
0.0 0.0 0.0
0.0 0.0 8.2
0.0 0.0 8.2
0.0 0.0 8.2
0.0 0.0 8.2
0.0 0.0 8.2
0.0 0.0 5.4
0.0 0.0 5.4
0.0 0.0 5.4
0.0 0.0 5.4
0.0 0.0 5.4
0.0 0.0 5.4
0.0 0.0 6.9
0.0 0.0 6.9
0.0 0.0 6.9
0.0 0.0 6.9
0.0 0.0 6.9
0.0 1.0 9.7
1.0 0.0 9.7
0.0 0.0 9.7
0.0 0.0 9.7
0.0 0.0 9.7
0.0 0.0 9.7
0.0 0.0 21.8
0.0 0.0 21.8
0.0 0.0 21.8
0.0 0.0 21.8
0.0 0.0 21.8
0.0 0.0 21.8
0.0 0.0 7.0
0.0 0.0 7.0
0.0 0.0 7.0
0.0 0.0 7.0
0.0 0.0 7.0
0.0 0.0 7.0
0.0 0.0 3.4
0.0 0.0 3.4
0.0 0.0 3.4
0.0 0.0 3.4
0.0 0.0 3.4
0.0 1.0 6.2
0.0 0.0 6.2
0.0 0.0 6.2
0.0 0.0 6.2
0.0 0.0 6.2
1.0 0.0 6.2
0.0 0.0 8.2
0.0 0.0 8.2
0.0 1.0 8.2
0.0 0.0 8.2
0.0 0.0 8.2
0.0 0.0 3.8
0.0 0.0 3.8
0.0 0.0 3.8
0.0 0.0 3.8
0.0 0.0 3.8
0.0 0.0 3.8
0.0 0.0 3.9
0.0 0.0 3.9
0.0 0.0 3.9
0.0 0.0 3.9
0.0 0.0 3.9
0.0 0.0 3.9
0.0 0.0 5.7
0.0 0.0 5.7
0.0 0.0 5.7
0.0 0.0 5.7
0.0 0.0 5.7
0.0 0.0 5.7
0.0 0.0 3.4
0.0 0.0 3.4
Numero de Fallas:0