
0.0 0.0 0.0
0.0 0.0 0.0
0.0 0.0 0.0
0.0 0.0 0.0
0.0 0.0 0.0
0.0 0.0 0.0
0.0 0.0 0.0
0.0 0.0 0.0
0.0 0.0 0.0
0.0 0.0 0.0
0.0 0.0 0.0
0.0 0.0 0.0
0.0 0.0 0.0
0.0 0.0 0.0
0.0 0.0 0.0
0.0 0.0 0.0
0.0 0.0 0.0
0.0 0.0 0.0
0.0 0.0 0.0
0.0 0.0 0.0
0.0 0.0 0.0
0.0 0.0 0.0
0.0 0.0 0.0
0.0 0.0 0.0
0.0 0.0 0.0
0.0 0.0 0.0
0.0 0.0 0.0
0.0 0.0 0.0
0.0 0.0 0.0
0.0 0.0 14.4
0.0 0.0 14.4
0.0 0.0 14.4
0.0 0.0 14.4
0.0 0.0 14.4
0.0 0.0 14.4
0.0 0.0 14.4
0.0 0.0 14.4
0.0 0.0 14.4
0.0 0.0 14.4
0.0 0.0 14.4
0.0 0.0 14.4
0.0 0.0 14.4
0.0 0.0 14.4
0.0 0.0 14.4
0.0 0.0 14.4
0.0 0.0 14.4
0.0 0.0 20.7
0.0 0.0 20.7
0.0 0.0 20.7
0.0 0.0 20.7
0.0 0.0 20.7
0.0 0.0 20.7
0.0 0.0 20.7
0.0 0.0 20.7
0.0 0.0 20.7
0.0 0.0 20.7
0.0 0.0 20.7
0.0 0.0 20.7
0.0 0.0 20.7
0.0 0.0 20.7
0.0 0.0 20.7
0.0 0.0 20.7
0.0 0.0 20.7
0.0 0.0 8.2
0.0 0.0 8.2
0.0 0.0 8.2
0.0 0.0 8.2
0.0 0.0 8.2
0.0 0.0 8.2
0.0 0.0 8.2
0.0 0.0 8.2
0.0 0.0 8.2
0.0 0.0 8.2
0.0 0.0 8.2
0.0 0.0 8.2
0.0 0.0 8.2
0.0 0.0 8.2
0.0 0.0 8.2
0.0 0.0 8.2
0.0 0.0 8.2
0.0 0.0 10.4
0.0 0.0 10.4
0.0 0.0 10.4
0.0 0.0 10.4
0.0 0.0 10.4
0.0 0.0 10.4
0.0 0.0 10.4
0.0 0.0 10.4
0.0 0.0 10.4
0.0 0.0 10.4
0.0 0.0 10.4
0.0 0.0 10.4
0.0 0.0 10.4
0.0 0.0 10.4
0.0 0.0 10.4
0.0 0.0 10.4
0.0 0.0 9.9
0.0 0.0 9.9
0.0 0.0 9.9
0.0 0.0 9.9
0.0 0.0 9.9
0.0 0.0 9.9
0.0 0.0 9.9
0.0 0.0 9.9
0.0 0.0 9.9
0.0 0.0 9.9
0.0 0.0 9.9
0.0 0.0 9.9
0.0 0.0 9.9
0.0 0.0 9.9
0.0 0.0 9.9
0.0 0.0 9.9
0.0 0.0 9.9
0.0 0.0 9.7
0.0 0.0 9.7
0.0 0.0 9.7
0.0 0.0 9.7
0.0 0.0 9.7
0.0 0.0 9.7
0.0 0.0 9.7
0.0 0.0 9.7
0.0 0.0 9.7
0.0 0.0 9.7
0.0 0.0 9.7
0.0 0.0 9.7
0.0 0.0 9.7
0.0 0.0 9.7
0.0 0.0 9.7
0.0 0.0 9.7
0.0 0.0 9.7
0.0 0.0 13.0
0.0 0.0 13.0
0.0 0.0 13.0
0.0 0.0 13.0
0.0 0.0 13.0
0.0 0.0 13.0
0.0 0.0 13.0
0.0 0.0 13.0
0.0 0.0 13.0
0.0 0.0 13.0
0.0 0.0 13.0
0.0 0.0 13.0
0.0 0.0 13.0
0.0 0.0 13.0
0.0 0.0 13.0
0.0 0.0 13.0
0.0 0.0 8.7
0.0 0.0 8.7
0.0 0.0 8.7
0.0 0.0 8.7
0.0 0.0 8.7
0.0 0.0 8.7
0.0 0.0 8.7
0.0 0.0 8.7
0.0 0.0 8.7
0.0 0.0 8.7
0.0 0.0 8.7
0.0 0.0 8.7
0.0 0.0 8.7
0.0 0.0 8.7
0.0 0.0 8.7
0.0 0.0 8.7
0.0 0.0 8.7
0.0 0.0 17.0
0.0 0.0 17.0
0.0 0.0 17.0
0.0 0.0 17.0
0.0 0.0 17.0
0.0 0.0 17.0
0.0 0.0 17.0
0.0 0.0 17.0
0.0 0.0 17.0
0.0 0.0 17.0
0.0 0.0 17.0
0.0 0.0 17.0
0.0 0.0 17.0
0.0 0.0 17.0
0.0 0.0 17.0
0.0 0.0 17.0
0.0 0.0 17.0
0.0 0.0 13.7
0.0 0.0 13.7
0.0 0.0 13.7
0.0 0.0 13.7
0.0 0.0 13.7
0.0 0.0 13.7
0.0 0.0 13.7
0.0 0.0 13.7
0.0 0.0 13.7
0.0 0.0 13.7
0.0 0.0 13.7
0.0 0.0 13.7
0.0 0.0 13.7
0.0 0.0 13.7
0.0 0.0 13.7
0.0 0.0 13.7
0.0 0.0 3.7
0.0 0.0 3.7
0.0 0.0 3.7
0.0 0.0 3.7
0.0 0.0 3.7
0.0 0.0 3.7
0.0 0.0 3.7
0.0 0.0 3.7
0.0 0.0 3.7
0.0 0.0 3.7
0.0 0.0 3.7
0.0 0.0 3.7
0.0 0.0 3.7
0.0 0.0 3.7
0.0 0.0 3.7
0.0 0.0 3.7
0.0 0.0 3.7
0.0 0.0 3.1
0.0 0.0 3.1
0.0 0.0 3.1
0.0 0.0 3.1
0.0 0.0 3.1
0.0 0.0 3.1
0.0 0.0 3.1
0.0 0.0 3.1
0.0 0.0 3.1
0.0 0.0 3.1
0.0 0.0 3.1
0.0 0.0 3.1
0.0 0.0 3.1
0.0 0.0 3.1
0.0 0.0 3.1
0.0 0.0 3.1
0.0 0.0 3.1
0.0 0.0 12.4
0.0 0.0 12.4
0.0 0.0 12.4
0.0 0.0 12.4
0.0 0.0 12.4
0.0 0.0 12.4
0.0 0.0 12.4
0.0 0.0 12.4
0.0 0.0 12.4
0.0 0.0 12.4
0.0 0.0 12.4
0.0 0.0 12.4
0.0 0.0 12.4
0.0 0.0 12.4
0.0 0.0 12.4
0.0 0.0 12.4
0.0 0.0 12.4
0.0 0.0 12.4
0.0 0.0 12.4
0.0 0.0 12.4
0.0 0.0 12.4
0.0 0.0 12.4
0.0 0.0 12.4
0.0 0.0 12.4
0.0 0.0 12.4
0.0 0.0 12.4
0.0 0.0 12.4
0.0 0.0 12.4
0.0 0.0 12.4
0.0 0.0 12.4
0.0 0.0 12.4
0.0 0.0 12.4
0.0 0.0 12.4
0.0 0.0 18.6
0.0 0.0 18.6
0.0 0.0 18.6
0.0 0.0 18.6
0.0 0.0 18.6
0.0 0.0 18.6
0.0 0.0 18.6
0.0 0.0 18.6
0.0 0.0 18.6
0.0 0.0 18.6
0.0 0.0 18.6
0.0 0.0 18.6
0.0 0.0 18.6
0.0 0.0 18.6
0.0 0.0 18.6
0.0 0.0 18.6
0.0 0.0 18.6
0.0 0.0 12.4
0.0 0.0 12.4
0.0 0.0 12.4
0.0 0.0 12.4
0.0 0.0 12.4
0.0 0.0 12.4
0.0 0.0 12.4
0.0 0.0 12.4
0.0 0.0 12.4
0.0 0.0 12.4
0.0 0.0 12.4
0.0 0.0 12.4
0.0 0.0 12.4
0.0 0.0 12.4
0.0 0.0 12.4
0.0 0.0 12.4
0.0 0.0 12.4
0.0 0.0 12.4
0.0 0.0 13.3
0.0 0.0 13.3
0.0 0.0 13.3
0.0 0.0 13.3
0.0 0.0 13.3
0.0 0.0 13.3
0.0 0.0 13.3
0.0 0.0 13.3
0.0 0.0 13.3
0.0 0.0 13.3
0.0 0.0 13.3
0.0 0.0 13.3
0.0 0.0 13.3
0.0 0.0 13.3
0.0 0.0 13.3
0.0 0.0 13.3
0.0 0.0 13.3
0.0 0.0 12.1
0.0 0.0 12.1
0.0 0.0 12.1
0.0 0.0 12.1
0.0 0.0 12.1
0.0 0.0 12.1
0.0 0.0 12.1
0.0 0.0 12.1
0.0 0.0 12.1
0.0 0.0 12.1
0.0 0.0 12.1
0.0 0.0 12.1
0.0 0.0 12.1
0.0 0.0 12.1
0.0 0.0 12.1
0.0 0.0 12.1
0.0 0.0 20.2
0.0 0.0 20.2
0.0 0.0 20.2
0.0 0.0 20.2
0.0 0.0 20.2
0.0 0.0 20.2
0.0 0.0 20.2
0.0 0.0 20.2
0.0 0.0 20.2
0.0 0.0 20.2
0.0 0.0 20.2
0.0 0.0 20.2
0.0 0.0 20.2
0.0 0.0 20.2
0.0 0.0 20.2
0.0 0.0 20.2
0.0 0.0 27.6
0.0 0.0 27.6
0.0 0.0 27.6
0.0 0.0 27.6
0.0 0.0 27.6
0.0 0.0 27.6
0.0 0.0 27.6
0.0 0.0 27.6
0.0 0.0 27.6
0.0 0.0 27.6
0.0 0.0 27.6
0.0 0.0 27.6
0.0 0.0 27.6
0.0 0.0 27.6
0.0 0.0 27.6
0.0 0.0 27.6
0.0 0.0 27.6
0.0 0.0 27.6
0.0 0.0 14.6
0.0 0.0 14.6
0.0 0.0 14.6
0.0 0.0 14.6
0.0 0.0 14.6
0.0 0.0 14.6
0.0 0.0 14.6
0.0 0.0 14.6
0.0 0.0 14.6
0.0 0.0 14.6
0.0 0.0 14.6
0.0 0.0 14.6
0.0 0.0 14.6
0.0 0.0 14.6
0.0 0.0 14.6
0.0 0.0 14.6
0.0 0.0 14.6
0.0 0.0 24.2
0.0 0.0 24.2
0.0 0.0 24.2
0.0 0.0 24.2
0.0 0.0 24.2
0.0 0.0 24.2
0.0 0.0 24.2
0.0 0.0 24.2
0.0 0.0 24.2
0.0 0.0 24.2
0.0 0.0 24.2
0.0 0.0 24.2
0.0 0.0 24.2
0.0 0.0 24.2
0.0 0.0 24.2
0.0 0.0 24.2
0.0 0.0 14.0
0.0 0.0 14.0
Numero de Fallas:0
0.0 0.0 0.0
0.0 0.0 0.0
0.0 0.0 0.0
0.0 0.0 0.0
0.0 0.0 0.0
0.0 0.0 0.0
0.0 0.0 0.0
0.0 0.0 0.0
0.0 0.0 0.0
0.0 0.0 0.0
0.0 0.0 0.0
0.0 0.0 0.0
0.0 0.0 0.0
0.0 0.0 0.0
0.0 0.0 0.0
0.0 0.0 0.0
0.0 0.0 0.0
0.0 0.0 0.0
0.0 0.0 0.0
0.0 0.0 0.0
0.0 0.0 0.0
0.0 0.0 0.0
0.0 0.0 0.0
0.0 0.0 0.0
0.0 0.0 0.0
0.0 0.0 0.0
0.0 0.0 0.0
0.0 0.0 0.0
0.0 0.0 0.0
0.0 0.0 13.4
0.0 0.0 13.4
0.0 0.0 13.4
0.0 0.0 13.4
0.0 0.0 13.4
0.0 0.0 13.4
0.0 0.0 13.4
0.0 0.0 13.4
0.0 0.0 13.4
0.0 0.0 13.4
0.0 0.0 13.4
0.0 0.0 13.4
0.0 0.0 13.4
0.0 0.0 13.4
0.0 0.0 13.4
0.0 0.0 13.4
0.0 0.0 13.4
0.0 0.0 12.6
0.0 0.0 12.6
0.0 0.0 12.6
0.0 0.0 12.6
0.0 0.0 12.6
0.0 0.0 12.6
0.0 0.0 12.6
0.0 0.0 12.6
0.0 0.0 12.6
0.0 0.0 12.6
0.0 0.0 12.6
0.0 0.0 12.6
0.0 0.0 12.6
0.0 0.0 12.6
0.0 0.0 12.6
0.0 0.0 12.6
0.0 0.0 12.6
0.0 0.0 11.1
0.0 0.0 11.1
0.0 0.0 11.1
0.0 0.0 11.1
0.0 0.0 11.1
0.0 0.0 11.1
0.0 0.0 11.1
0.0 0.0 11.1
0.0 0.0 11.1
0.0 0.0 11.1
0.0 0.0 11.1
0.0 0.0 11.1
0.0 0.0 11.1
0.0 0.0 11.1
0.0 0.0 11.1
0.0 0.0 11.1
0.0 0.0 11.1
0.0 0.0 23.6
0.0 0.0 23.6
0.0 0.0 23.6
0.0 0.0 23.6
0.0 0.0 23.6
0.0 0.0 23.6
0.0 0.0 23.6
0.0 0.0 23.6
0.0 0.0 23.6
0.0 0.0 23.6
0.0 0.0 23.6
0.0 0.0 23.6
0.0 0.0 23.6
0.0 0.0 23.6
0.0 0.0 23.6
0.0 0.0 23.6
0.0 0.0 23.6
0.0 0.0 10.4
0.0 0.0 10.4
0.0 0.0 10.4
0.0 0.0 10.4
0.0 0.0 10.4
0.0 0.0 10.4
0.0 0.0 10.4
0.0 0.0 10.4
0.0 0.0 10.4
0.0 0.0 10.4
0.0 0.0 10.4
0.0 0.0 10.4
0.0 0.0 10.4
0.0 0.0 10.4
0.0 0.0 10.4
0.0 0.0 10.4
0.0 0.0 13.0
0.0 0.0 13.0
0.0 0.0 13.0
0.0 0.0 13.0
0.0 0.0 13.0
0.0 0.0 13.0
0.0 0.0 13.0
0.0 0.0 13.0
0.0 0.0 13.0
0.0 0.0 13.0
0.0 0.0 13.0
0.0 0.0 13.0
0.0 0.0 13.0
0.0 0.0 13.0
0.0 0.0 13.0
0.0 0.0 13.0
0.0 0.0 13.0
0.0 0.0 12.6
0.0 0.0 12.6
0.0 0.0 12.6
0.0 0.0 12.6
0.0 0.0 12.6
0.0 0.0 12.6
0.0 0.0 12.6
0.0 0.0 12.6
0.0 0.0 12.6
0.0 0.0 12.6
0.0 0.0 12.6
0.0 0.0 12.6
0.0 0.0 12.6
0.0 0.0 12.6
0.0 0.0 12.6
0.0 0.0 12.6
0.0 0.0 13.0
0.0 0.0 13.0
0.0 0.0 13.0
0.0 0.0 13.0
0.0 0.0 13.0
0.0 0.0 13.0
0.0 0.0 13.0
0.0 0.0 13.0
0.0 0.0 13.0
0.0 0.0 13.0
0.0 0.0 13.0
0.0 0.0 13.0
0.0 0.0 13.0
0.0 0.0 13.0
0.0 0.0 13.0
0.0 0.0 13.0
0.0 0.0 13.0
0.0 0.0 12.4
0.0 0.0 12.4
0.0 0.0 12.4
0.0 0.0 12.4
0.0 0.0 12.4
0.0 0.0 12.4
0.0 0.0 12.4
0.0 0.0 12.4
0.0 0.0 12.4
0.0 0.0 12.4
0.0 0.0 12.4
0.0 0.0 12.4
0.0 0.0 12.4
0.0 0.0 12.4
0.0 0.0 12.4
0.0 0.0 12.4
0.0 0.0 12.4
0.0 0.0 13.2
0.0 0.0 13.2
0.0 0.0 13.2
0.0 0.0 13.2
0.0 0.0 13.2
0.0 0.0 13.2
0.0 0.0 13.2
0.0 0.0 13.2
0.0 0.0 13.2
0.0 0.0 13.2
0.0 0.0 13.2
0.0 0.0 13.2
0.0 0.0 13.2
0.0 0.0 13.2
0.0 0.0 13.2
0.0 0.0 13.2
0.0 0.0 12.4
0.0 0.0 12.4
0.0 0.0 12.4
0.0 0.0 12.4
0.0 0.0 12.4
0.0 0.0 12.4
0.0 0.0 12.4
0.0 0.0 12.4
0.0 0.0 12.4
0.0 0.0 12.4
0.0 0.0 12.4
0.0 0.0 12.4
0.0 0.0 12.4
0.0 0.0 12.4
0.0 0.0 12.4
0.0 0.0 12.4
0.0 0.0 12.4
0.0 0.0 12.5
0.0 0.0 12.5
0.0 0.0 12.5
0.0 0.0 12.5
0.0 0.0 12.5
0.0 0.0 12.5
0.0 0.0 12.5
0.0 0.0 12.5
0.0 0.0 12.5
0.0 0.0 12.5
0.0 0.0 12.5
0.0 0.0 12.5
0.0 0.0 12.5
0.0 0.0 12.5
0.0 0.0 12.5
0.0 0.0 12.5
0.0 0.0 12.4
0.0 0.0 12.4
0.0 0.0 12.4
0.0 0.0 12.4
0.0 0.0 12.4
0.0 0.0 12.4
0.0 0.0 12.4
0.0 0.0 12.4
0.0 0.0 12.4
0.0 0.0 12.4
0.0 0.0 12.4
0.0 0.0 12.4
0.0 0.0 12.4
0.0 0.0 12.4
0.0 0.0 12.4
0.0 0.0 12.4
0.0 0.0 12.4
0.0 0.0 12.5
0.0 0.0 12.5
0.0 0.0 12.5
0.0 0.0 12.5
0.0 0.0 12.5
0.0 0.0 12.5
0.0 0.0 12.5
0.0 0.0 12.5
0.0 0.0 12.5
0.0 0.0 12.5
0.0 0.0 12.5
0.0 0.0 12.5
0.0 0.0 12.5
0.0 0.0 12.5
0.0 0.0 12.5
0.0 0.0 12.5
0.0 0.0 11.6
0.0 0.0 11.6
0.0 0.0 11.6
0.0 0.0 11.6
0.0 0.0 11.6
0.0 0.0 11.6
0.0 0.0 11.6
0.0 0.0 11.6
0.0 0.0 11.6
0.0 0.0 11.6
0.0 0.0 11.6
0.0 0.0 11.6
0.0 0.0 11.6
0.0 0.0 11.6
0.0 0.0 11.6
0.0 0.0 11.6
0.0 0.0 11.6
0.0 0.0 12.4
0.0 0.0 12.4
0.0 0.0 12.4
0.0 0.0 12.4
0.0 0.0 12.4
0.0 0.0 12.4
0.0 0.0 12.4
0.0 0.0 12.4
0.0 0.0 12.4
0.0 0.0 12.4
0.0 0.0 12.4
0.0 0.0 12.4
0.0 0.0 12.4
0.0 0.0 12.4
0.0 0.0 12.4
0.0 0.0 12.4
0.0 0.0 9.7
0.0 0.0 9.7
0.0 0.0 9.7
0.0 0.0 9.7
0.0 0.0 9.7
0.0 0.0 9.7
0.0 0.0 9.7
0.0 0.0 9.7
0.0 0.0 9.7
0.0 0.0 9.7
0.0 0.0 9.7
0.0 0.0 9.7
0.0 0.0 9.7
0.0 0.0 9.7
0.0 0.0 9.7
0.0 0.0 9.7
0.0 0.0 9.7
0.0 0.0 12.1
0.0 0.0 12.1
0.0 0.0 12.1
0.0 0.0 12.1
0.0 0.0 12.1
0.0 0.0 12.1
0.0 0.0 12.1
0.0 0.0 12.1
0.0 0.0 12.1
0.0 0.0 12.1
0.0 0.0 12.1
0.0 0.0 12.1
0.0 0.0 12.1
0.0 0.0 12.1
0.0 0.0 12.1
0.0 0.0 12.1
0.0 0.0 11.6
0.0 0.0 11.6
0.0 0.0 11.6
0.0 0.0 11.6
0.0 0.0 11.6
0.0 0.0 11.6
0.0 0.0 11.6
0.0 0.0 11.6
0.0 0.0 11.6
0.0 0.0 11.6
0.0 0.0 11.6
0.0 0.0 11.6
0.0 0.0 11.6
0.0 0.0 11.6
0.0 0.0 11.6
0.0 0.0 11.6
0.0 0.0 11.6
0.0 0.0 12.8
0.0 0.0 12.8
0.0 0.0 12.8
0.0 0.0 12.8
0.0 0.0 12.8
0.0 0.0 12.8
0.0 0.0 12.8
0.0 0.0 12.8
0.0 0.0 12.8
0.0 0.0 12.8
0.0 0.0 12.8
0.0 0.0 12.8
0.0 0.0 12.8
0.0 0.0 12.8
0.0 0.0 12.8
0.0 0.0 12.8
0.0 0.0 14.0
0.0 0.0 14.0
0.0 0.0 14.0
0.0 0.0 14.0
0.0 0.0 14.0
0.0 0.0 14.0
0.0 0.0 14.0
0.0 0.0 14.0
0.0 0.0 14.0
0.0 0.0 14.0
0.0 0.0 14.0
0.0 0.0 14.0
0.0 0.0 14.0
0.0 0.0 14.0
0.0 0.0 14.0
0.0 0.0 14.0
0.0 0.0 14.0
0.0 0.0 12.4
0.0 0.0 12.4
0.0 0.0 12.4
0.0 0.0 12.4
0.0 0.0 12.4
0.0 0.0 12.4
0.0 0.0 12.4
0.0 0.0 12.4
0.0 0.0 12.4
0.0 0.0 12.4
0.0 0.0 12.4
0.0 0.0 12.4
0.0 0.0 12.4
0.0 0.0 12.4
0.0 0.0 12.4
0.0 0.0 12.4
0.0 0.0 12.0
0.0 0.0 12.0
0.0 0.0 12.0
0.0 0.0 12.0
0.0 0.0 12.0
0.0 0.0 12.0
Numero de Fallas:0
0.0 0.0 0.0
0.0 0.0 0.0
0.0 0.0 0.0
0.0 0.0 0.0
0.0 0.0 0.0
0.0 0.0 0.0
0.0 0.0 0.0
0.0 0.0 0.0
0.0 0.0 0.0
0.0 0.0 0.0
0.0 0.0 0.0
0.0 0.0 0.0
0.0 0.0 0.0
0.0 0.0 0.0
0.0 0.0 0.0
0.0 0.0 0.0
0.0 0.0 0.0
0.0 0.0 0.0
0.0 0.0 0.0
0.0 0.0 0.0
0.0 0.0 0.0
0.0 0.0 0.0
0.0 0.0 0.0
0.0 0.0 0.0
0.0 0.0 0.0
0.0 0.0 0.0
0.0 0.0 0.0
0.0 0.0 0.0
0.0 0.0 0.0
0.0 0.0 14.1
0.0 0.0 14.1
0.0 0.0 14.1
0.0 0.0 14.1
0.0 0.0 14.1
0.0 0.0 14.1
0.0 0.0 14.1
0.0 0.0 14.1
0.0 0.0 14.1
0.0 0.0 14.1
0.0 0.0 14.1
0.0 0.0 14.1
0.0 0.0 14.1
0.0 0.0 14.1
0.0 0.0 14.1
0.0 0.0 14.1
0.0 0.0 14.1
0.0 0.0 13.7
0.0 0.0 13.7
0.0 0.0 13.7
0.0 0.0 13.7
0.0 0.0 13.7
0.0 0.0 13.7
0.0 0.0 13.7
0.0 0.0 13.7
0.0 0.0 13.7
0.0 0.0 13.7
0.0 0.0 13.7
0.0 0.0 13.7
0.0 0.0 13.7
0.0 0.0 13.7
0.0 0.0 13.7
0.0 0.0 13.7
0.0 0.0 13.7
0.0 0.0 14.8
0.0 0.0 14.8
0.0 0.0 14.8
0.0 0.0 14.8
0.0 0.0 14.8
0.0 0.0 14.8
0.0 0.0 14.8
0.0 0.0 14.8
0.0 0.0 14.8
0.0 0.0 14.8
0.0 0.0 14.8
0.0 0.0 14.8
0.0 0.0 14.8
0.0 0.0 14.8
0.0 0.0 14.8
0.0 0.0 14.8
0.0 0.0 12.6
0.0 0.0 12.6
0.0 0.0 12.6
0.0 0.0 12.6
0.0 0.0 12.6
0.0 0.0 12.6
0.0 0.0 12.6
0.0 0.0 12.6
0.0 0.0 12.6
0.0 0.0 12.6
0.0 0.0 12.6
0.0 0.0 12.6
0.0 0.0 12.6
0.0 0.0 12.6
0.0 0.0 12.6
0.0 0.0 12.6
0.0 0.0 12.6
0.0 0.0 12.6
0.0 0.0 12.6
0.0 0.0 12.6
0.0 0.0 12.6
0.0 0.0 12.6
0.0 0.0 12.6
0.0 0.0 12.6
0.0 0.0 12.6
0.0 0.0 12.6
0.0 0.0 12.6
0.0 0.0 12.6
0.0 0.0 12.6
0.0 0.0 12.6
0.0 0.0 12.6
0.0 0.0 12.6
0.0 0.0 12.6
0.0 0.0 12.6
0.0 0.0 13.0
0.0 0.0 13.0
0.0 0.0 13.0
0.0 0.0 13.0
0.0 0.0 13.0
0.0 0.0 13.0
0.0 0.0 13.0
0.0 0.0 13.0
0.0 0.0 13.0
0.0 0.0 13.0
0.0 0.0 13.0
0.0 0.0 13.0
0.0 0.0 13.0
0.0 0.0 13.0
0.0 0.0 13.0
0.0 0.0 13.0
0.0 0.0 12.2
0.0 0.0 12.2
0.0 0.0 12.2
0.0 0.0 12.2
0.0 0.0 12.2
0.0 0.0 12.2
0.0 0.0 12.2
0.0 0.0 12.2
0.0 0.0 12.2
0.0 0.0 12.2
0.0 0.0 12.2
0.0 0.0 12.2
0.0 0.0 12.2
0.0 0.0 12.2
0.0 0.0 12.2
0.0 0.0 12.2
0.0 0.0 12.2
0.0 0.0 11.9
0.0 0.0 11.9
0.0 0.0 11.9
0.0 0.0 11.9
0.0 0.0 11.9
0.0 0.0 11.9
0.0 0.0 11.9
0.0 0.0 11.9
0.0 0.0 11.9
0.0 0.0 11.9
0.0 0.0 11.9
0.0 0.0 11.9
0.0 0.0 11.9
0.0 0.0 11.9
0.0 0.0 11.9
0.0 0.0 11.9
0.0 0.0 11.9
0.0 0.0 14.1
0.0 0.0 14.1
0.0 0.0 14.1
0.0 0.0 14.1
0.0 0.0 14.1
0.0 0.0 14.1
0.0 0.0 14.1
0.0 0.0 14.1
0.0 0.0 14.1
0.0 0.0 14.1
0.0 0.0 14.1
0.0 0.0 14.1
0.0 0.0 14.1
0.0 0.0 14.1
0.0 0.0 14.1
0.0 0.0 14.1
0.0 0.0 13.4
0.0 0.0 13.4
0.0 0.0 13.4
0.0 0.0 13.4
0.0 0.0 13.4
0.0 0.0 13.4
0.0 0.0 13.4
0.0 0.0 13.4
0.0 0.0 13.4
0.0 0.0 13.4
0.0 0.0 13.4
0.0 0.0 13.4
0.0 0.0 13.4
0.0 0.0 13.4
0.0 0.0 13.4
0.0 0.0 13.4
0.0 0.0 25.1
0.0 0.0 25.1
0.0 0.0 25.1
0.0 0.0 25.1
0.0 0.0 25.1
0.0 0.0 25.1
0.0 0.0 25.1
0.0 0.0 25.1
0.0 0.0 25.1
0.0 0.0 25.1
0.0 0.0 25.1
0.0 0.0 25.1
0.0 0.0 25.1
0.0 0.0 25.1
0.0 0.0 25.1
0.0 0.0 25.1
0.0 0.0 12.2
0.0 0.0 12.2
0.0 0.0 12.2
0.0 0.0 12.2
0.0 0.0 12.2
0.0 0.0 12.2
0.0 0.0 12.2
0.0 0.0 12.2
0.0 0.0 12.2
0.0 0.0 12.2
0.0 0.0 12.2
0.0 0.0 12.2
0.0 0.0 12.2
0.0 0.0 12.2
0.0 0.0 12.2
0.0 0.0 12.2
0.0 0.0 12.2
0.0 0.0 13.7
0.0 0.0 13.7
0.0 0.0 13.7
0.0 0.0 13.7
0.0 0.0 13.7
0.0 0.0 13.7
0.0 0.0 13.7
0.0 0.0 13.7
0.0 0.0 13.7
0.0 0.0 13.7
0.0 0.0 13.7
0.0 0.0 13.7
0.0 0.0 13.7
0.0 0.0 13.7
0.0 0.0 13.7
0.0 0.0 13.7
0.0 0.0 13.7
0.0 0.0 13.3
0.0 0.0 13.3
0.0 0.0 13.3
0.0 0.0 13.3
0.0 0.0 13.3
0.0 0.0 13.3
0.0 0.0 13.3
0.0 0.0 13.3
0.0 0.0 13.3
0.0 0.0 13.3
0.0 0.0 13.3
0.0 0.0 13.3
0.0 0.0 13.3
0.0 0.0 13.3
0.0 0.0 13.3
0.0 0.0 13.3
0.0 0.0 11.8
0.0 0.0 11.8
0.0 0.0 11.8
0.0 0.0 11.8
0.0 0.0 11.8
0.0 0.0 11.8
0.0 0.0 11.8
0.0 0.0 11.8
0.0 0.0 11.8
0.0 0.0 11.8
0.0 0.0 11.8
0.0 0.0 11.8
0.0 0.0 11.8
0.0 0.0 11.8
0.0 0.0 11.8
0.0 0.0 11.8
0.0 0.0 11.8
0.0 0.0 12.2
0.0 0.0 12.2
0.0 0.0 12.2
0.0 0.0 12.2
0.0 0.0 12.2
0.0 0.0 12.2
0.0 0.0 12.2
0.0 0.0 12.2
0.0 0.0 12.2
0.0 0.0 12.2
0.0 0.0 12.2
0.0 0.0 12.2
0.0 0.0 12.2
0.0 0.0 12.2
0.0 0.0 12.2
0.0 0.0 12.2
0.0 0.0 15.9
0.0 0.0 15.9
0.0 0.0 15.9
0.0 0.0 15.9
0.0 0.0 15.9
0.0 0.0 15.9
0.0 0.0 15.9
0.0 0.0 15.9
0.0 0.0 15.9
0.0 0.0 15.9
0.0 0.0 15.9
0.0 0.0 15.9
0.0 0.0 15.9
0.0 0.0 15.9
0.0 0.0 15.9
0.0 0.0 15.9
0.0 0.0 15.9
0.0 0.0 12.8
0.0 0.0 12.8
0.0 0.0 12.8
0.0 0.0 12.8
0.0 0.0 12.8
0.0 0.0 12.8
0.0 0.0 12.8
0.0 0.0 12.8
0.0 0.0 12.8
0.0 0.0 12.8
0.0 0.0 12.8
0.0 0.0 12.8
0.0 0.0 12.8
0.0 0.0 12.8
0.0 0.0 12.8
0.0 0.0 12.8
0.0 0.0 13.2
0.0 0.0 13.2
0.0 0.0 13.2
0.0 0.0 13.2
0.0 0.0 13.2
0.0 0.0 13.2
0.0 0.0 13.2
0.0 0.0 13.2
0.0 0.0 13.2
0.0 0.0 13.2
0.0 0.0 13.2
0.0 0.0 13.2
0.0 0.0 13.2
0.0 0.0 13.2
0.0 0.0 13.2
0.0 0.0 13.2
0.0 0.0 12.4
0.0 0.0 12.4
0.0 0.0 12.4
0.0 0.0 12.4
0.0 0.0 12.4
0.0 0.0 12.4
0.0 0.0 12.4
0.0 0.0 12.4
0.0 0.0 12.4
0.0 0.0 12.4
0.0 0.0 12.4
0.0 0.0 12.4
0.0 0.0 12.4
0.0 0.0 12.4
0.0 0.0 12.4
0.0 0.0 12.4
0.0 0.0 10.9
0.0 0.0 10.9
0.0 0.0 10.9
0.0 0.0 10.9
0.0 0.0 10.9
0.0 0.0 10.9
0.0 0.0 10.9
0.0 0.0 10.9
0.0 0.0 10.9
0.0 0.0 10.9
0.0 0.0 10.9
0.0 0.0 10.9
0.0 0.0 10.9
0.0 0.0 10.9
0.0 0.0 10.9
0.0 0.0 10.9
0.0 0.0 10.9
0.0 0.0 13.2
0.0 0.0 13.2
0.0 0.0 13.2
0.0 0.0 13.2
0.0 0.0 13.2
0.0 0.0 13.2
0.0 0.0 13.2
0.0 0.0 13.2
0.0 0.0 13.2
0.0 0.0 13.2
0.0 0.0 13.2
0.0 0.0 13.2
0.0 0.0 13.2
0.0 0.0 13.2
0.0 0.0 13.2
0.0 0.0 13.2
0.0 0.0 13.2
0.0 0.0 13.2
0.0 0.0 13.2
0.0 0.0 13.2
0.0 0.0 13.2
0.0 0.0 13.2
0.0 0.0 13.2
0.0 0.0 13.2
Numero de Fallas:0
0.0 0.0 0.0
0.0 0.0 0.0
0.0 0.0 0.0
0.0 0.0 0.0
0.0 0.0 0.0
0.0 0.0 0.0
0.0 0.0 0.0
0.0 0.0 0.0
0.0 0.0 0.0
0.0 0.0 0.0
0.0 0.0 0.0
0.0 0.0 0.0
0.0 0.0 0.0
0.0 0.0 0.0
0.0 0.0 0.0
0.0 0.0 0.0
0.0 0.0 0.0
0.0 0.0 0.0
0.0 0.0 0.0
0.0 0.0 0.0
0.0 0.0 0.0
0.0 0.0 0.0
0.0 0.0 0.0
0.0 0.0 0.0
0.0 0.0 0.0
0.0 0.0 0.0
0.0 0.0 0.0
0.0 0.0 0.0
0.0 0.0 0.0
0.0 0.0 13.1
0.0 0.0 13.1
0.0 0.0 13.1
0.0 0.0 13.1
0.0 0.0 13.1
0.0 0.0 13.1
0.0 0.0 13.1
0.0 0.0 13.1
0.0 0.0 13.1
0.0 0.0 13.1
0.0 0.0 13.1
0.0 0.0 13.1
0.0 0.0 13.1
0.0 0.0 13.1
0.0 0.0 13.1
0.0 0.0 13.1
0.0 0.0 13.1
0.0 0.0 8.6
0.0 0.0 8.6
0.0 0.0 8.6
0.0 0.0 8.6
0.0 0.0 8.6
0.0 0.0 8.6
0.0 0.0 8.6
0.0 0.0 8.6
0.0 0.0 8.6
0.0 0.0 8.6
0.0 0.0 8.6
0.0 0.0 8.6
0.0 0.0 8.6
0.0 0.0 8.6
0.0 0.0 8.6
0.0 0.0 8.6
0.0 0.0 8.6
0.0 0.0 12.2
0.0 0.0 12.2
0.0 0.0 12.2
0.0 0.0 12.2
0.0 0.0 12.2
0.0 0.0 12.2
0.0 0.0 12.2
0.0 0.0 12.2
0.0 0.0 12.2
0.0 0.0 12.2
0.0 0.0 12.2
0.0 0.0 12.2
0.0 0.0 12.2
0.0 0.0 12.2
0.0 0.0 12.2
0.0 0.0 12.2
0.0 0.0 12.2
0.0 0.0 12.2
0.0 0.0 12.2
0.0 0.0 12.2
0.0 0.0 12.2
0.0 0.0 12.2
0.0 0.0 12.2
0.0 0.0 12.2
0.0 0.0 12.2
0.0 0.0 12.2
0.0 0.0 12.2
0.0 0.0 12.2
0.0 0.0 12.2
0.0 0.0 12.2
0.0 0.0 12.2
0.0 0.0 12.2
0.0 0.0 12.2
0.0 0.0 12.6
0.0 0.0 12.6
0.0 0.0 12.6
0.0 0.0 12.6
0.0 0.0 12.6
0.0 0.0 12.6
0.0 0.0 12.6
0.0 0.0 12.6
0.0 0.0 12.6
0.0 0.0 12.6
0.0 0.0 12.6
0.0 0.0 12.6
0.0 0.0 12.6
0.0 0.0 12.6
0.0 0.0 12.6
0.0 0.0 12.6
0.0 0.0 12.6
0.0 0.0 13.3
0.0 0.0 13.3
0.0 0.0 13.3
0.0 0.0 13.3
0.0 0.0 13.3
0.0 0.0 13.3
0.0 0.0 13.3
0.0 0.0 13.3
0.0 0.0 13.3
0.0 0.0 13.3
0.0 0.0 13.3
0.0 0.0 13.3
0.0 0.0 13.3
0.0 0.0 13.3
0.0 0.0 13.3
0.0 0.0 13.3
0.0 0.0 12.6
0.0 0.0 12.6
0.0 0.0 12.6
0.0 0.0 12.6
0.0 0.0 12.6
0.0 0.0 12.6
0.0 0.0 12.6
0.0 0.0 12.6
0.0 0.0 12.6
0.0 0.0 12.6
0.0 0.0 12.6
0.0 0.0 12.6
0.0 0.0 12.6
0.0 0.0 12.6
0.0 0.0 12.6
0.0 0.0 12.6
0.0 0.0 9.1
0.0 0.0 9.1
0.0 0.0 9.1
0.0 0.0 9.1
0.0 0.0 9.1
0.0 0.0 9.1
0.0 0.0 9.1
0.0 0.0 9.1
0.0 0.0 9.1
0.0 0.0 9.1
0.0 0.0 9.1
0.0 0.0 9.1
0.0 0.0 9.1
0.0 0.0 9.1
0.0 0.0 9.1
0.0 0.0 9.1
0.0 0.0 13.2
0.0 0.0 13.2
0.0 0.0 13.2
0.0 0.0 13.2
0.0 0.0 13.2
0.0 0.0 13.2
0.0 0.0 13.2
0.0 0.0 13.2
0.0 0.0 13.2
0.0 0.0 13.2
0.0 0.0 13.2
0.0 0.0 13.2
0.0 0.0 13.2
0.0 0.0 13.2
0.0 0.0 13.2
0.0 0.0 13.2
0.0 0.0 13.2
0.0 0.0 15.9
0.0 0.0 15.9
0.0 0.0 15.9
0.0 0.0 15.9
0.0 0.0 15.9
0.0 0.0 15.9
0.0 0.0 15.9
0.0 0.0 15.9
0.0 0.0 15.9
0.0 0.0 15.9
0.0 0.0 15.9
0.0 0.0 15.9
0.0 0.0 15.9
0.0 0.0 15.9
0.0 0.0 15.9
0.0 0.0 15.9
0.0 0.0 13.0
0.0 0.0 13.0
0.0 0.0 13.0
0.0 0.0 13.0
0.0 0.0 13.0
0.0 0.0 13.0
0.0 0.0 13.0
0.0 0.0 13.0
0.0 0.0 13.0
0.0 0.0 13.0
0.0 0.0 13.0
0.0 0.0 13.0
0.0 0.0 13.0
0.0 0.0 13.0
0.0 0.0 13.0
0.0 0.0 13.0
0.0 0.0 13.0
0.0 0.0 13.0
0.0 0.0 13.0
0.0 0.0 13.0
0.0 0.0 13.0
0.0 0.0 13.0
0.0 0.0 13.0
0.0 0.0 13.0
0.0 0.0 13.0
0.0 0.0 13.0
0.0 0.0 13.0
0.0 0.0 13.0
0.0 0.0 13.0
0.0 0.0 13.0
0.0 0.0 13.0
0.0 0.0 13.0
0.0 0.0 13.0
0.0 0.0 13.0
0.0 0.0 13.3
0.0 0.0 13.3
0.0 0.0 13.3
0.0 0.0 13.3
0.0 0.0 13.3
0.0 0.0 13.3
0.0 0.0 13.3
0.0 0.0 13.3
0.0 0.0 13.3
0.0 0.0 13.3
0.0 0.0 13.3
0.0 0.0 13.3
0.0 0.0 13.3
0.0 0.0 13.3
0.0 0.0 13.3
0.0 0.0 13.3
0.0 0.0 12.6
0.0 0.0 12.6
0.0 0.0 12.6
0.0 0.0 12.6
0.0 0.0 12.6
0.0 0.0 12.6
0.0 0.0 12.6
0.0 0.0 12.6
0.0 0.0 12.6
0.0 0.0 12.6
0.0 0.0 12.6
0.0 0.0 12.6
0.0 0.0 12.6
0.0 0.0 12.6
0.0 0.0 12.6
0.0 0.0 12.6
0.0 0.0 12.6
0.0 0.0 13.3
0.0 0.0 13.3
0.0 0.0 13.3
0.0 0.0 13.3
0.0 0.0 13.3
0.0 0.0 13.3
0.0 0.0 13.3
0.0 0.0 13.3
0.0 0.0 13.3
0.0 0.0 13.3
0.0 0.0 13.3
0.0 0.0 13.3
0.0 0.0 13.3
0.0 0.0 13.3
0.0 0.0 13.3
0.0 0.0 13.3
0.0 0.0 13.0
0.0 0.0 13.0
0.0 0.0 13.0
0.0 0.0 13.0
0.0 0.0 13.0
0.0 0.0 13.0
0.0 0.0 13.0
0.0 0.0 13.0
0.0 0.0 13.0
0.0 0.0 13.0
0.0 0.0 13.0
0.0 0.0 13.0
0.0 0.0 13.0
0.0 0.0 13.0
0.0 0.0 13.0
0.0 0.0 13.0
0.0 0.0 13.0
0.0 0.0 13.1
0.0 0.0 13.1
0.0 0.0 13.1
0.0 0.0 13.1
0.0 0.0 13.1
0.0 0.0 13.1
0.0 0.0 13.1
0.0 0.0 13.1
0.0 0.0 13.1
0.0 0.0 13.1
0.0 0.0 13.1
0.0 0.0 13.1
0.0 0.0 13.1
0.0 0.0 13.1
0.0 0.0 13.1
0.0 0.0 13.1
0.0 0.0 13.1
0.0 0.0 12.1
0.0 0.0 12.1
0.0 0.0 12.1
0.0 0.0 12.1
0.0 0.0 12.1
0.0 0.0 12.1
0.0 0.0 12.1
0.0 0.0 12.1
0.0 0.0 12.1
0.0 0.0 12.1
0.0 0.0 12.1
0.0 0.0 12.1
0.0 0.0 12.1
0.0 0.0 12.1
0.0 0.0 12.1
0.0 0.0 12.1
0.0 0.0 12.0
0.0 0.0 12.0
0.0 0.0 12.0
0.0 0.0 12.0
0.0 0.0 12.0
0.0 0.0 12.0
0.0 0.0 12.0
0.0 0.0 12.0
0.0 0.0 12.0
0.0 0.0 12.0
0.0 0.0 12.0
0.0 0.0 12.0
0.0 0.0 12.0
0.0 0.0 12.0
0.0 0.0 12.0
0.0 0.0 12.0
0.0 0.0 12.0
0.0 0.0 11.3
0.0 0.0 11.3
0.0 0.0 11.3
0.0 0.0 11.3
0.0 0.0 11.3
0.0 0.0 11.3
0.0 0.0 11.3
0.0 0.0 11.3
0.0 0.0 11.3
0.0 0.0 11.3
0.0 0.0 11.3
0.0 0.0 11.3
0.0 0.0 11.3
0.0 0.0 11.3
0.0 0.0 11.3
0.0 0.0 11.3
0.0 0.0 14.0
0.0 0.0 14.0
0.0 0.0 14.0
0.0 0.0 14.0
0.0 0.0 14.0
0.0 0.0 14.0
0.0 0.0 14.0
0.0 0.0 14.0
0.0 0.0 14.0
0.0 0.0 14.0
0.0 0.0 14.0
0.0 0.0 14.0
0.0 0.0 14.0
0.0 0.0 14.0
0.0 0.0 14.0
0.0 0.0 14.0
0.0 0.0 14.0
0.0 0.0 23.1
0.0 0.0 23.1
0.0 0.0 23.1
0.0 0.0 23.1
0.0 0.0 23.1
0.0 0.0 23.1
0.0 0.0 23.1
0.0 0.0 23.1
0.0 0.0 23.1
0.0 0.0 23.1
16.0 0.0 23.1
0.0 0.0 23.1
0.0 0.0 23.1
0.0 0.0 23.1
0.0 0.0 23.1
0.0 0.0 23.1
0.0 0.0 12.8
0.0 0.0 12.8
0.0 0.0 12.8
0.0 0.0 12.8
0.0 0.0 12.8
0.0 0.0 12.8
0.0 0.0 12.8
Numero de Fallas:0
0.0 0.0 0.0
0.0 0.0 0.0
0.0 0.0 0.0
0.0 0.0 0.0
0.0 0.0 0.0
0.0 0.0 0.0
0.0 0.0 0.0
0.0 0.0 0.0
0.0 0.0 0.0
0.0 0.0 0.0
0.0 0.0 0.0
0.0 0.0 0.0
0.0 0.0 0.0
0.0 0.0 0.0
0.0 0.0 0.0
0.0 0.0 0.0
0.0 0.0 0.0
0.0 0.0 0.0
0.0 0.0 0.0
0.0 0.0 0.0
0.0 0.0 0.0
0.0 0.0 0.0
0.0 0.0 0.0
0.0 0.0 0.0
0.0 0.0 0.0
0.0 0.0 0.0
0.0 0.0 0.0
0.0 0.0 0.0
0.0 0.0 0.0
0.0 0.0 0.0
0.0 0.0 10.8
0.0 0.0 10.8
0.0 0.0 10.8
0.0 0.0 10.8
0.0 0.0 10.8
0.0 0.0 10.8
0.0 0.0 10.8
0.0 0.0 10.8
0.0 0.0 10.8
0.0 0.0 10.8
0.0 0.0 10.8
0.0 0.0 10.8
0.0 0.0 10.8
0.0 0.0 10.8
0.0 0.0 10.8
0.0 0.0 10.8
0.0 0.0 7.6
0.0 0.0 7.6
0.0 0.0 7.6
0.0 0.0 7.6
0.0 0.0 7.6
0.0 0.0 7.6
0.0 0.0 7.6
0.0 0.0 7.6
0.0 0.0 7.6
0.0 0.0 7.6
0.0 0.0 7.6
0.0 0.0 7.6
0.0 0.0 7.6
0.0 0.0 7.6
0.0 0.0 7.6
0.0 0.0 7.6
0.0 0.0 7.6
0.0 0.0 13.7
0.0 0.0 13.7
0.0 0.0 13.7
0.0 0.0 13.7
0.0 0.0 13.7
0.0 0.0 13.7
0.0 0.0 13.7
0.0 0.0 13.7
0.0 0.0 13.7
0.0 0.0 13.7
0.0 0.0 13.7
0.0 0.0 13.7
0.0 0.0 13.7
0.0 0.0 13.7
0.0 0.0 13.7
0.0 0.0 13.7
0.0 0.0 13.7
0.0 0.0 12.2
0.0 0.0 12.2
0.0 0.0 12.2
0.0 0.0 12.2
0.0 0.0 12.2
0.0 0.0 12.2
0.0 0.0 12.2
0.0 0.0 12.2
0.0 0.0 12.2
0.0 0.0 12.2
0.0 0.0 12.2
0.0 0.0 12.2
0.0 0.0 12.2
0.0 0.0 12.2
0.0 0.0 12.2
0.0 0.0 12.2
0.0 0.0 12.6
0.0 0.0 12.6
0.0 0.0 12.6
0.0 0.0 12.6
0.0 0.0 12.6
0.0 0.0 12.6
0.0 0.0 12.6
0.0 0.0 12.6
0.0 0.0 12.6
0.0 0.0 12.6
0.0 0.0 12.6
0.0 0.0 12.6
0.0 0.0 12.6
0.0 0.0 12.6
0.0 0.0 12.6
0.0 0.0 12.6
0.0 0.0 12.6
0.0 0.0 10.8
0.0 0.0 10.8
0.0 0.0 10.8
0.0 0.0 10.8
0.0 0.0 10.8
0.0 0.0 10.8
0.0 0.0 10.8
0.0 0.0 10.8
0.0 0.0 10.8
0.0 0.0 10.8
0.0 0.0 10.8
0.0 0.0 10.8
0.0 0.0 10.8
0.0 0.0 10.8
0.0 0.0 10.8
0.0 0.0 10.8
0.0 0.0 10.8
0.0 0.0 10.8
0.0 0.0 10.8
0.0 0.0 10.8
0.0 0.0 10.8
0.0 0.0 10.8
0.0 0.0 10.8
0.0 0.0 10.8
0.0 0.0 10.8
0.0 0.0 10.8
0.0 0.0 10.8
0.0 0.0 10.8
0.0 0.0 10.8
0.0 0.0 10.8
0.0 0.0 10.8
0.0 0.0 10.8
0.0 0.0 10.8
0.0 0.0 13.4
0.0 0.0 13.4
0.0 0.0 13.4
0.0 0.0 13.4
0.0 0.0 13.4
0.0 0.0 13.4
0.0 0.0 13.4
0.0 0.0 13.4
0.0 0.0 13.4
0.0 0.0 13.4
0.0 0.0 13.4
0.0 0.0 13.4
0.0 0.0 13.4
0.0 0.0 13.4
0.0 0.0 13.4
0.0 0.0 13.4
0.0 0.0 13.4
0.0 0.0 14.4
0.0 0.0 14.4
0.0 0.0 14.4
0.0 0.0 14.4
0.0 0.0 14.4
0.0 0.0 14.4
0.0 0.0 14.4
0.0 0.0 14.4
0.0 0.0 14.4
0.0 0.0 14.4
0.0 0.0 14.4
0.0 0.0 14.4
0.0 0.0 14.4
0.0 0.0 14.4
0.0 0.0 14.4
0.0 0.0 14.4
0.0 0.0 14.4
0.0 0.0 13.0
0.0 0.0 13.0
0.0 0.0 13.0
0.0 0.0 13.0
0.0 0.0 13.0
0.0 0.0 13.0
0.0 0.0 13.0
0.0 0.0 13.0
0.0 0.0 13.0
0.0 0.0 13.0
0.0 0.0 13.0
0.0 0.0 13.0
0.0 0.0 13.0
0.0 0.0 13.0
0.0 0.0 13.0
0.0 0.0 13.0
0.0 0.0 12.4
0.0 0.0 12.4
0.0 0.0 12.4
0.0 0.0 12.4
0.0 0.0 12.4
0.0 0.0 12.4
0.0 0.0 12.4
0.0 0.0 12.4
0.0 0.0 12.4
0.0 0.0 12.4
0.0 0.0 12.4
0.0 0.0 12.4
0.0 0.0 12.4
0.0 0.0 12.4
0.0 0.0 12.4
0.0 0.0 12.4
0.0 0.0 12.4
0.0 0.0 12.4
0.0 0.0 12.4
0.0 0.0 12.4
0.0 0.0 12.4
0.0 0.0 12.4
0.0 0.0 12.4
0.0 0.0 12.4
0.0 0.0 12.4
0.0 0.0 12.4
0.0 0.0 12.4
0.0 0.0 12.4
0.0 0.0 12.4
0.0 0.0 12.4
0.0 0.0 12.4
0.0 0.0 12.4
0.0 0.0 12.4
0.0 0.0 12.8
0.0 0.0 12.8
0.0 0.0 12.8
0.0 0.0 12.8
0.0 0.0 12.8
0.0 0.0 12.8
0.0 0.0 12.8
0.0 0.0 12.8
0.0 0.0 12.8
0.0 0.0 12.8
0.0 0.0 12.8
0.0 0.0 12.8
0.0 0.0 12.8
0.0 0.0 12.8
0.0 0.0 12.8
0.0 0.0 12.8
0.0 0.0 12.8
0.0 0.0 12.8
0.0 0.0 12.8
0.0 0.0 12.8
0.0 0.0 12.8
0.0 0.0 12.8
0.0 0.0 12.8
0.0 0.0 12.8
0.0 0.0 12.8
0.0 0.0 12.8
0.0 0.0 12.8
0.0 0.0 12.8
0.0 0.0 12.8
0.0 0.0 12.8
0.0 0.0 12.8
0.0 0.0 12.8
0.0 0.0 12.8
0.0 0.0 12.0
0.0 0.0 12.0
0.0 0.0 12.0
0.0 0.0 12.0
0.0 0.0 12.0
0.0 0.0 12.0
0.0 0.0 12.0
0.0 0.0 12.0
0.0 0.0 12.0
0.0 0.0 12.0
0.0 0.0 12.0
0.0 0.0 12.0
0.0 0.0 12.0
0.0 0.0 12.0
0.0 0.0 12.0
0.0 0.0 12.0
0.0 0.0 12.0
0.0 0.0 12.4
0.0 0.0 12.4
0.0 0.0 12.4
0.0 0.0 12.4
0.0 0.0 12.4
0.0 0.0 12.4
0.0 0.0 12.4
0.0 0.0 12.4
0.0 0.0 12.4
0.0 0.0 12.4
0.0 0.0 12.4
0.0 0.0 12.4
0.0 0.0 12.4
0.0 0.0 12.4
0.0 0.0 12.4
0.0 0.0 12.4
0.0 0.0 12.8
0.0 0.0 12.8
0.0 0.0 12.8
0.0 0.0 12.8
0.0 0.0 12.8
0.0 0.0 12.8
0.0 0.0 12.8
0.0 0.0 12.8
0.0 0.0 12.8
0.0 0.0 12.8
0.0 0.0 12.8
0.0 0.0 12.8
0.0 0.0 12.8
0.0 0.0 12.8
0.0 0.0 12.8
0.0 0.0 12.8
0.0 0.0 12.8
0.0 0.0 12.4
0.0 0.0 12.4
0.0 0.0 12.4
0.0 0.0 12.4
0.0 0.0 12.4
0.0 0.0 12.4
0.0 0.0 12.4
0.0 0.0 12.4
0.0 0.0 12.4
16.0 0.0 12.4
0.0 0.0 12.4
0.0 0.0 12.4
0.0 0.0 12.4
0.0 0.0 12.4
0.0 0.0 12.4
0.0 0.0 12.4
0.0 0.0 12.8
0.0 0.0 12.8
0.0 0.0 12.8
0.0 0.0 12.8
0.0 0.0 12.8
0.0 0.0 12.8
0.0 0.0 12.8
0.0 0.0 12.8
0.0 0.0 12.8
0.0 0.0 12.8
0.0 0.0 12.8
0.0 0.0 12.8
0.0 0.0 12.8
0.0 0.0 12.8
0.0 0.0 12.8
0.0 0.0 12.8
0.0 0.0 12.8
0.0 0.0 12.4
0.0 0.0 12.4
0.0 0.0 12.4
0.0 0.0 12.4
0.0 0.0 12.4
0.0 0.0 12.4
0.0 0.0 12.4
0.0 0.0 12.4
0.0 0.0 12.4
0.0 0.0 12.4
0.0 0.0 12.4
0.0 0.0 12.4
0.0 0.0 12.4
0.0 0.0 12.4
0.0 0.0 12.4
0.0 0.0 12.4
0.0 0.0 11.2
0.0 0.0 11.2
0.0 0.0 11.2
0.0 0.0 11.2
0.0 0.0 11.2
0.0 0.0 11.2
0.0 0.0 11.2
0.0 0.0 11.2
0.0 0.0 11.2
0.0 0.0 11.2
0.0 0.0 11.2
0.0 0.0 11.2
0.0 0.0 11.2
0.0 0.0 11.2
0.0 0.0 11.2
0.0 0.0 11.2
0.0 0.0 11.2
0.0 0.0 12.8
0.0 0.0 12.8
0.0 0.0 12.8
0.0 0.0 12.8
0.0 0.0 12.8
0.0 0.0 12.8
0.0 0.0 12.8
0.0 0.0 12.8
0.0 0.0 12.8
0.0 0.0 12.8
0.0 0.0 12.8
0.0 0.0 12.8
0.0 0.0 12.8
16.0 0.0 12.8
0.0 0.0 12.8
0.0 0.0 12.8
0.0 0.0 12.4
0.0 0.0 12.4
0.0 0.0 12.4
0.0 0.0 12.4
0.0 0.0 12.4
0.0 0.0 12.4
Numero de Fallas:0
0.0 0.0 0.0
0.0 0.0 0.0
0.0 0.0 0.0
0.0 0.0 0.0
0.0 0.0 0.0
0.0 0.0 0.0
0.0 0.0 0.0
0.0 0.0 0.0
0.0 0.0 0.0
0.0 0.0 0.0
0.0 0.0 0.0
0.0 0.0 0.0
0.0 0.0 0.0
0.0 0.0 0.0
0.0 0.0 0.0
0.0 0.0 0.0
0.0 0.0 0.0
0.0 0.0 0.0
0.0 0.0 0.0
0.0 0.0 0.0
0.0 0.0 0.0
0.0 0.0 0.0
0.0 0.0 0.0
0.0 0.0 0.0
0.0 0.0 0.0
0.0 0.0 0.0
0.0 0.0 0.0
0.0 0.0 0.0
0.0 0.0 0.0
0.0 0.0 0.0
0.0 0.0 15.4
0.0 0.0 15.4
0.0 0.0 15.4
0.0 0.0 15.4
0.0 0.0 15.4
0.0 0.0 15.4
0.0 0.0 15.4
0.0 0.0 15.4
0.0 0.0 15.4
0.0 0.0 15.4
0.0 0.0 15.4
0.0 0.0 15.4
0.0 0.0 15.4
0.0 0.0 15.4
0.0 0.0 15.4
0.0 0.0 15.4
0.0 0.0 15.4
0.0 0.0 13.7
0.0 0.0 13.7
0.0 0.0 13.7
0.0 0.0 13.7
0.0 0.0 13.7
0.0 0.0 13.7
0.0 0.0 13.7
0.0 0.0 13.7
0.0 0.0 13.7
0.0 0.0 13.7
0.0 0.0 13.7
0.0 0.0 13.7
0.0 0.0 13.7
0.0 0.0 13.7
0.0 0.0 13.7
0.0 0.0 13.7
0.0 0.0 13.7
0.0 0.0 24.4
0.0 0.0 24.4
0.0 0.0 24.4
0.0 0.0 24.4
0.0 0.0 24.4
0.0 0.0 24.4
0.0 0.0 24.4
0.0 0.0 24.4
0.0 0.0 24.4
0.0 0.0 24.4
0.0 0.0 24.4
0.0 0.0 24.4
0.0 0.0 24.4
0.0 0.0 24.4
0.0 0.0 24.4
0.0 0.0 24.4
0.0 0.0 24.4
0.0 0.0 3.4
0.0 0.0 3.4
0.0 0.0 3.4
0.0 0.0 3.4
0.0 0.0 3.4
0.0 0.0 3.4
0.0 0.0 3.4
0.0 0.0 3.4
0.0 0.0 3.4
0.0 0.0 3.4
0.0 0.0 3.4
0.0 0.0 3.4
0.0 0.0 3.4
0.0 0.0 3.4
0.0 0.0 3.4
0.0 0.0 3.4
0.0 0.0 3.4
0.0 0.0 9.3
0.0 0.0 9.3
0.0 0.0 9.3
0.0 0.0 9.3
0.0 0.0 9.3
0.0 0.0 9.3
0.0 0.0 9.3
0.0 0.0 9.3
0.0 0.0 9.3
0.0 0.0 9.3
0.0 0.0 9.3
0.0 0.0 9.3
0.0 0.0 9.3
0.0 0.0 9.3
0.0 0.0 9.3
0.0 0.0 9.3
0.0 0.0 7.1
0.0 0.0 7.1
0.0 0.0 7.1
0.0 0.0 7.1
0.0 0.0 7.1
0.0 0.0 7.1
0.0 0.0 7.1
0.0 0.0 7.1
0.0 0.0 7.1
0.0 0.0 7.1
0.0 0.0 7.1
0.0 0.0 7.1
0.0 0.0 7.1
0.0 0.0 7.1
0.0 0.0 7.1
0.0 0.0 7.1
0.0 0.0 7.1
0.0 0.0 11.9
0.0 0.0 11.9
0.0 0.0 11.9
0.0 0.0 11.9
0.0 0.0 11.9
0.0 0.0 11.9
0.0 0.0 11.9
0.0 0.0 11.9
0.0 0.0 11.9
0.0 0.0 11.9
0.0 0.0 11.9
0.0 0.0 11.9
0.0 0.0 11.9
0.0 0.0 11.9
0.0 0.0 11.9
0.0 0.0 11.9
0.0 0.0 11.9
0.0 0.0 12.6
0.0 0.0 12.6
0.0 0.0 12.6
0.0 0.0 12.6
0.0 0.0 12.6
0.0 0.0 12.6
0.0 0.0 12.6
0.0 0.0 12.6
0.0 0.0 12.6
0.0 0.0 12.6
0.0 0.0 12.6
0.0 0.0 12.6
0.0 0.0 12.6
0.0 0.0 12.6
0.0 0.0 12.6
0.0 0.0 12.6
0.0 0.0 13.4
0.0 0.0 13.4
0.0 0.0 13.4
0.0 0.0 13.4
0.0 0.0 13.4
0.0 0.0 13.4
0.0 0.0 13.4
0.0 0.0 13.4
0.0 0.0 13.4
0.0 0.0 13.4
0.0 0.0 13.4
0.0 0.0 13.4
0.0 0.0 13.4
0.0 0.0 13.4
0.0 0.0 13.4
0.0 0.0 13.4
0.0 0.0 13.4
0.0 0.0 12.6
0.0 0.0 12.6
0.0 0.0 12.6
0.0 0.0 12.6
0.0 0.0 12.6
0.0 0.0 12.6
0.0 0.0 12.6
0.0 0.0 12.6
0.0 0.0 12.6
0.0 0.0 12.6
0.0 0.0 12.6
0.0 0.0 12.6
0.0 0.0 12.6
0.0 0.0 12.6
0.0 0.0 12.6
0.0 0.0 12.6
0.0 0.0 12.6
0.0 0.0 13.5
0.0 0.0 13.5
0.0 0.0 13.5
0.0 0.0 13.5
0.0 0.0 13.5
0.0 0.0 13.5
0.0 0.0 13.5
0.0 0.0 13.5
0.0 0.0 13.5
0.0 0.0 13.5
0.0 0.0 13.5
0.0 0.0 13.5
0.0 0.0 13.5
0.0 0.0 13.5
0.0 0.0 13.5
0.0 0.0 13.5
0.0 0.0 13.5
0.0 0.0 11.0
0.0 0.0 11.0
0.0 0.0 11.0
0.0 0.0 11.0
0.0 0.0 11.0
0.0 0.0 11.0
0.0 0.0 11.0
0.0 0.0 11.0
0.0 0.0 11.0
0.0 0.0 11.0
0.0 0.0 11.0
0.0 0.0 11.0
0.0 0.0 11.0
0.0 0.0 11.0
0.0 0.0 11.0
0.0 0.0 11.0
0.0 0.0 11.0
0.0 0.0 11.1
0.0 0.0 11.1
0.0 0.0 11.1
0.0 0.0 11.1
0.0 0.0 11.1
0.0 0.0 11.1
0.0 0.0 11.1
0.0 0.0 11.1
0.0 0.0 11.1
0.0 0.0 11.1
0.0 0.0 11.1
0.0 0.0 11.1
0.0 0.0 11.1
0.0 0.0 11.1
0.0 0.0 11.1
0.0 0.0 11.1
0.0 0.0 11.1
0.0 0.0 12.4
0.0 0.0 12.4
0.0 0.0 12.4
0.0 0.0 12.4
0.0 0.0 12.4
0.0 0.0 12.4
0.0 0.0 12.4
0.0 0.0 12.4
0.0 0.0 12.4
0.0 0.0 12.4
0.0 0.0 12.4
0.0 0.0 12.4
0.0 0.0 12.4
0.0 0.0 12.4
0.0 0.0 12.4
0.0 0.0 12.4
0.0 0.0 13.2
0.0 0.0 13.2
0.0 0.0 13.2
0.0 0.0 13.2
0.0 0.0 13.2
0.0 0.0 13.2
0.0 0.0 13.2
0.0 0.0 13.2
0.0 0.0 13.2
0.0 0.0 13.2
0.0 0.0 13.2
0.0 0.0 13.2
0.0 0.0 13.2
0.0 0.0 13.2
0.0 0.0 13.2
0.0 0.0 13.2
0.0 0.0 13.2
0.0 0.0 13.2
0.0 0.0 13.2
0.0 0.0 13.2
0.0 0.0 13.2
0.0 0.0 13.2
0.0 0.0 13.2
0.0 0.0 13.2
0.0 0.0 13.2
0.0 0.0 13.2
0.0 0.0 13.2
0.0 0.0 13.2
0.0 0.0 13.2
0.0 0.0 13.2
0.0 0.0 13.2
0.0 0.0 13.2
0.0 0.0 13.2
0.0 0.0 12.8
0.0 0.0 12.8
0.0 0.0 12.8
0.0 0.0 12.8
0.0 0.0 12.8
0.0 0.0 12.8
0.0 0.0 12.8
0.0 0.0 12.8
0.0 0.0 12.8
0.0 0.0 12.8
0.0 0.0 12.8
0.0 0.0 12.8
0.0 0.0 12.8
0.0 0.0 12.8
0.0 0.0 12.8
0.0 0.0 12.8
0.0 0.0 12.8
0.0 0.0 12.8
0.0 0.0 12.8
0.0 0.0 12.8
0.0 0.0 12.8
0.0 0.0 12.8
0.0 0.0 12.8
0.0 0.0 12.8
0.0 0.0 12.8
0.0 0.0 12.8
0.0 0.0 12.8
0.0 0.0 12.8
0.0 0.0 12.8
0.0 0.0 12.8
0.0 0.0 12.8
0.0 0.0 12.8
0.0 0.0 12.8
0.0 0.0 13.6
0.0 0.0 13.6
0.0 0.0 13.6
0.0 0.0 13.6
0.0 0.0 13.6
0.0 0.0 13.6
0.0 0.0 13.6
0.0 0.0 13.6
0.0 0.0 13.6
0.0 0.0 13.6
0.0 0.0 13.6
0.0 0.0 13.6
0.0 0.0 13.6
0.0 0.0 13.6
0.0 0.0 13.6
0.0 0.0 13.6
0.0 0.0 13.6
0.0 0.0 12.1
0.0 0.0 12.1
0.0 0.0 12.1
0.0 0.0 12.1
0.0 0.0 12.1
0.0 0.0 12.1
0.0 0.0 12.1
0.0 0.0 12.1
0.0 0.0 12.1
0.0 0.0 12.1
0.0 0.0 12.1
0.0 0.0 12.1
0.0 0.0 12.1
0.0 0.0 12.1
0.0 0.0 12.1
0.0 0.0 12.1
0.0 0.0 12.8
0.0 0.0 12.8
0.0 0.0 12.8
0.0 0.0 12.8
0.0 0.0 12.8
0.0 0.0 12.8
0.0 0.0 12.8
0.0 0.0 12.8
0.0 0.0 12.8
0.0 0.0 12.8
0.0 0.0 12.8
0.0 0.0 12.8
0.0 0.0 12.8
0.0 0.0 12.8
0.0 0.0 12.8
0.0 0.0 12.8
0.0 0.0 12.8
0.0 0.0 11.7
0.0 0.0 11.7
0.0 0.0 11.7
0.0 0.0 11.7
0.0 0.0 11.7
0.0 0.0 11.7
0.0 0.0 11.7
0.0 0.0 11.7
0.0 0.0 11.7
0.0 0.0 11.7
0.0 0.0 11.7
0.0 0.0 11.7
0.0 0.0 11.7
0.0 0.0 11.7
0.0 0.0 11.7
0.0 0.0 11.7
0.0 0.0 13.2
0.0 0.0 13.2
0.0 0.0 13.2
Numero de Fallas:0
0.0 0.0 0.0
0.0 0.0 0.0
0.0 0.0 0.0
0.0 0.0 0.0
0.0 0.0 0.0
0.0 0.0 0.0
0.0 0.0 0.0
0.0 0.0 0.0
0.0 0.0 0.0
0.0 0.0 0.0
0.0 0.0 0.0
0.0 0.0 0.0
0.0 0.0 0.0
0.0 0.0 0.0
0.0 0.0 0.0
0.0 0.0 0.0
0.0 0.0 0.0
0.0 0.0 0.0
0.0 0.0 0.0
0.0 0.0 0.0
0.0 0.0 0.0
0.0 0.0 0.0
0.0 0.0 0.0
0.0 0.0 0.0
0.0 0.0 0.0
0.0 0.0 0.0
0.0 0.0 0.0
0.0 0.0 0.0
0.0 0.0 0.0
0.0 0.0 0.0
0.0 0.0 14.6
0.0 0.0 14.6
0.0 0.0 14.6
0.0 0.0 14.6
0.0 0.0 14.6
0.0 0.0 14.6
0.0 0.0 14.6
0.0 0.0 14.6
0.0 0.0 14.6
0.0 0.0 14.6
0.0 0.0 14.6
0.0 0.0 14.6
0.0 0.0 14.6
0.0 0.0 14.6
0.0 0.0 14.6
0.0 0.0 14.6
0.0 0.0 14.6
0.0 0.0 13.3
0.0 0.0 13.3
0.0 0.0 13.3
0.0 0.0 13.3
0.0 0.0 13.3
0.0 0.0 13.3
0.0 0.0 13.3
0.0 0.0 13.3
0.0 0.0 13.3
0.0 0.0 13.3
0.0 0.0 13.3
0.0 0.0 13.3
0.0 0.0 13.3
0.0 0.0 13.3
0.0 0.0 13.3
0.0 0.0 13.3
0.0 0.0 13.3
0.0 0.0 12.2
0.0 0.0 12.2
0.0 0.0 12.2
0.0 0.0 12.2
0.0 0.0 12.2
0.0 0.0 12.2
0.0 0.0 12.2
0.0 0.0 12.2
0.0 0.0 12.2
0.0 0.0 12.2
0.0 0.0 12.2
0.0 0.0 12.2
0.0 0.0 12.2
0.0 0.0 12.2
0.0 0.0 12.2
0.0 0.0 12.2
0.0 0.0 12.2
0.0 0.0 12.6
0.0 0.0 12.6
0.0 0.0 12.6
0.0 0.0 12.6
0.0 0.0 12.6
0.0 0.0 12.6
0.0 0.0 12.6
0.0 0.0 12.6
0.0 0.0 12.6
0.0 0.0 12.6
0.0 0.0 12.6
0.0 0.0 12.6
0.0 0.0 12.6
0.0 0.0 12.6
0.0 0.0 12.6
0.0 0.0 12.6
0.0 0.0 12.6
0.0 0.0 13.3
0.0 0.0 13.3
0.0 0.0 13.3
0.0 0.0 13.3
0.0 0.0 13.3
0.0 0.0 13.3
0.0 0.0 13.3
0.0 0.0 13.3
0.0 0.0 13.3
0.0 0.0 13.3
0.0 0.0 13.3
0.0 0.0 13.3
0.0 0.0 13.3
0.0 0.0 13.3
0.0 0.0 13.3
0.0 0.0 13.3
0.0 0.0 11.5
0.0 0.0 11.5
0.0 0.0 11.5
0.0 0.0 11.5
0.0 0.0 11.5
0.0 0.0 11.5
0.0 0.0 11.5
0.0 0.0 11.5
0.0 0.0 11.5
0.0 0.0 11.5
0.0 0.0 11.5
0.0 0.0 11.5
0.0 0.0 11.5
0.0 0.0 11.5
0.0 0.0 11.5
0.0 0.0 11.5
0.0 0.0 14.0
0.0 0.0 14.0
0.0 0.0 14.0
0.0 0.0 14.0
0.0 0.0 14.0
0.0 0.0 14.0
0.0 0.0 14.0
0.0 0.0 14.0
0.0 0.0 14.0
0.0 0.0 14.0
0.0 0.0 14.0
0.0 0.0 14.0
0.0 0.0 14.0
0.0 0.0 14.0
0.0 0.0 14.0
0.0 0.0 14.0
0.0 0.0 14.0
0.0 0.0 12.2
0.0 0.0 12.2
0.0 0.0 12.2
0.0 0.0 12.2
0.0 0.0 12.2
0.0 0.0 12.2
0.0 0.0 12.2
0.0 0.0 12.2
0.0 0.0 12.2
0.0 0.0 12.2
0.0 0.0 12.2
0.0 0.0 12.2
0.0 0.0 12.2
0.0 0.0 12.2
0.0 0.0 12.2
0.0 0.0 12.2
0.0 0.0 12.2
0.0 0.0 14.6
0.0 0.0 14.6
0.0 0.0 14.6
0.0 0.0 14.6
0.0 0.0 14.6
0.0 0.0 14.6
0.0 0.0 14.6
0.0 0.0 14.6
0.0 0.0 14.6
0.0 0.0 14.6
0.0 0.0 14.6
0.0 0.0 14.6
0.0 0.0 14.6
0.0 0.0 14.6
0.0 0.0 14.6
0.0 0.0 14.6
0.0 0.0 14.6
0.0 0.0 12.1
0.0 0.0 12.1
0.0 0.0 12.1
0.0 0.0 12.1
0.0 0.0 12.1
0.0 0.0 12.1
0.0 0.0 12.1
0.0 0.0 12.1
0.0 0.0 12.1
0.0 0.0 12.1
0.0 0.0 12.1
0.0 0.0 12.1
0.0 0.0 12.1
0.0 0.0 12.1
0.0 0.0 12.1
0.0 0.0 12.1
0.0 0.0 18.2
0.0 0.0 18.2
0.0 0.0 18.2
0.0 0.0 18.2
0.0 0.0 18.2
0.0 0.0 18.2
0.0 0.0 18.2
0.0 0.0 18.2
0.0 0.0 18.2
0.0 0.0 18.2
0.0 0.0 18.2
0.0 0.0 18.2
0.0 0.0 18.2
0.0 0.0 18.2
0.0 0.0 18.2
0.0 0.0 18.2
0.0 0.0 18.2
0.0 0.0 19.4
0.0 0.0 19.4
0.0 0.0 19.4
0.0 0.0 19.4
0.0 0.0 19.4
0.0 0.0 19.4
0.0 0.0 19.4
0.0 0.0 19.4
0.0 0.0 19.4
0.0 0.0 19.4
0.0 0.0 19.4
0.0 0.0 19.4
0.0 0.0 19.4
0.0 0.0 19.4
0.0 0.0 19.4
0.0 0.0 19.4
0.0 0.0 13.2
0.0 0.0 13.2
0.0 0.0 13.2
0.0 0.0 13.2
0.0 0.0 13.2
0.0 0.0 13.2
0.0 0.0 13.2
0.0 0.0 13.2
0.0 0.0 13.2
0.0 0.0 13.2
0.0 0.0 13.2
0.0 0.0 13.2
0.0 0.0 13.2
0.0 0.0 13.2
0.0 0.0 13.2
0.0 0.0 13.2
0.0 0.0 13.2
0.0 0.0 12.4
0.0 0.0 12.4
0.0 0.0 12.4
0.0 0.0 12.4
0.0 0.0 12.4
0.0 0.0 12.4
0.0 0.0 12.4
0.0 0.0 12.4
0.0 0.0 12.4
0.0 0.0 12.4
0.0 0.0 12.4
0.0 0.0 12.4
0.0 0.0 12.4
0.0 0.0 12.4
0.0 0.0 12.4
0.0 0.0 12.4
0.0 0.0 10.9
0.0 0.0 10.9
0.0 0.0 10.9
0.0 0.0 10.9
0.0 0.0 10.9
0.0 0.0 10.9
0.0 0.0 10.9
0.0 0.0 10.9
0.0 0.0 10.9
0.0 0.0 10.9
0.0 0.0 10.9
0.0 0.0 10.9
0.0 0.0 10.9
0.0 0.0 10.9
0.0 0.0 10.9
0.0 0.0 10.9
0.0 0.0 10.9
0.0 0.0 11.7
0.0 0.0 11.7
0.0 0.0 11.7
0.0 0.0 11.7
0.0 0.0 11.7
0.0 0.0 11.7
0.0 0.0 11.7
0.0 0.0 11.7
0.0 0.0 11.7
0.0 0.0 11.7
0.0 0.0 11.7
0.0 0.0 11.7
0.0 0.0 11.7
0.0 0.0 11.7
0.0 0.0 11.7
0.0 0.0 11.7
0.0 0.0 13.6
0.0 0.0 13.6
0.0 0.0 13.6
0.0 0.0 13.6
0.0 0.0 13.6
0.0 0.0 13.6
0.0 0.0 13.6
0.0 0.0 13.6
0.0 0.0 13.6
0.0 0.0 13.6
0.0 0.0 13.6
0.0 0.0 13.6
0.0 0.0 13.6
0.0 0.0 13.6
0.0 0.0 13.6
0.0 0.0 13.6
0.0 0.0 13.6
0.0 0.0 12.4
0.0 0.0 12.4
0.0 0.0 12.4
0.0 0.0 12.4
0.0 0.0 12.4
0.0 0.0 12.4
0.0 0.0 12.4
0.0 0.0 12.4
0.0 0.0 12.4
0.0 0.0 12.4
0.0 0.0 12.4
0.0 0.0 12.4
0.0 0.0 12.4
0.0 0.0 12.4
0.0 0.0 12.4
0.0 0.0 12.4
0.0 0.0 13.6
0.0 0.0 13.6
0.0 0.0 13.6
0.0 0.0 13.6
0.0 0.0 13.6
0.0 0.0 13.6
0.0 0.0 13.6
0.0 0.0 13.6
0.0 0.0 13.6
0.0 0.0 13.6
0.0 0.0 13.6
0.0 0.0 13.6
0.0 0.0 13.6
0.0 0.0 13.6
0.0 0.0 13.6
0.0 0.0 13.6
0.0 0.0 13.6
0.0 0.0 12.4
0.0 0.0 12.4
0.0 0.0 12.4
0.0 0.0 12.4
0.0 0.0 12.4
0.0 0.0 12.4
0.0 0.0 12.4
0.0 0.0 12.4
0.0 0.0 12.4
0.0 0.0 12.4
0.0 0.0 12.4
0.0 0.0 12.4
0.0 0.0 12.4
0.0 0.0 12.4
0.0 0.0 12.4
0.0 0.0 12.4
0.0 0.0 8.9
0.0 0.0 8.9
0.0 0.0 8.9
0.0 0.0 8.9
0.0 0.0 8.9
0.0 0.0 8.9
0.0 0.0 8.9
0.0 0.0 8.9
0.0 0.0 8.9
0.0 0.0 8.9
0.0 0.0 8.9
0.0 0.0 8.9
0.0 0.0 8.9
0.0 0.0 8.9
0.0 0.0 8.9
0.0 0.0 8.9
0.0 0.0 8.9
0.0 0.0 13.2
0.0 0.0 13.2
0.0 0.0 13.2
0.0 0.0 13.2
0.0 0.0 13.2
0.0 0.0 13.2
0.0 0.0 13.2
0.0 0.0 13.2
0.0 0.0 13.2
0.0 0.0 13.2
0.0 0.0 13.2
0.0 0.0 13.2
16.0 0.0 13.2
0.0 0.0 13.2
0.0 0.0 13.2
0.0 0.0 13.2
0.0 0.0 14.0
0.0 0.0 14.0
0.0 0.0 14.0
0.0 0.0 14.0
0.0 0.0 14.0
Numero de Fallas:0
0.0 0.0 0.0
0.0 0.0 0.0
0.0 0.0 0.0
0.0 0.0 0.0
0.0 0.0 0.0
0.0 0.0 0.0
0.0 0.0 0.0
0.0 0.0 0.0
0.0 0.0 0.0
0.0 0.0 0.0
0.0 0.0 0.0
0.0 0.0 0.0
0.0 0.0 0.0
0.0 0.0 0.0
0.0 0.0 0.0
0.0 0.0 0.0
0.0 0.0 0.0
0.0 0.0 0.0
0.0 0.0 0.0
0.0 0.0 0.0
0.0 0.0 0.0
0.0 0.0 0.0
0.0 0.0 0.0
0.0 0.0 0.0
0.0 0.0 0.0
0.0 0.0 0.0
0.0 0.0 0.0
0.0 0.0 0.0
0.0 0.0 0.0
0.0 0.0 0.0
0.0 0.0 0.0
0.0 0.0 16.6
0.0 0.0 16.6
0.0 0.0 16.6
0.0 0.0 16.6
0.0 0.0 16.6
0.0 0.0 16.6
0.0 0.0 16.6
0.0 0.0 16.6
0.0 0.0 16.6
0.0 0.0 16.6
0.0 0.0 16.6
0.0 0.0 16.6
0.0 0.0 16.6
0.0 0.0 16.6
0.0 0.0 16.6
0.0 0.0 16.6
0.0 0.0 16.6
0.0 0.0 12.6
0.0 0.0 12.6
0.0 0.0 12.6
0.0 0.0 12.6
0.0 0.0 12.6
0.0 0.0 12.6
0.0 0.0 12.6
0.0 0.0 12.6
0.0 0.0 12.6
0.0 0.0 12.6
0.0 0.0 12.6
0.0 0.0 12.6
0.0 0.0 12.6
0.0 0.0 12.6
0.0 0.0 12.6
0.0 0.0 12.6
0.0 0.0 12.6
0.0 0.0 13.3
0.0 0.0 13.3
0.0 0.0 13.3
0.0 0.0 13.3
0.0 0.0 13.3
0.0 0.0 13.3
0.0 0.0 13.3
0.0 0.0 13.3
0.0 0.0 13.3
0.0 0.0 13.3
0.0 0.0 13.3
0.0 0.0 13.3
0.0 0.0 13.3
0.0 0.0 13.3
0.0 0.0 13.3
0.0 0.0 13.3
0.0 0.0 11.5
0.0 0.0 11.5
0.0 0.0 11.5
0.0 0.0 11.5
0.0 0.0 11.5
0.0 0.0 11.5
0.0 0.0 11.5
0.0 0.0 11.5
0.0 0.0 11.5
0.0 0.0 11.5
0.0 0.0 11.5
0.0 0.0 11.5
0.0 0.0 11.5
0.0 0.0 11.5
0.0 0.0 11.5
0.0 0.0 11.5
0.0 0.0 11.8
0.0 0.0 11.8
0.0 0.0 11.8
0.0 0.0 11.8
0.0 0.0 11.8
0.0 0.0 11.8
0.0 0.0 11.8
0.0 0.0 11.8
0.0 0.0 11.8
0.0 0.0 11.8
0.0 0.0 11.8
0.0 0.0 11.8
0.0 0.0 11.8
0.0 0.0 11.8
0.0 0.0 11.8
0.0 0.0 11.8
0.0 0.0 13.4
0.0 0.0 13.4
0.0 0.0 13.4
0.0 0.0 13.4
0.0 0.0 13.4
0.0 0.0 13.4
0.0 0.0 13.4
0.0 0.0 13.4
0.0 0.0 13.4
0.0 0.0 13.4
0.0 0.0 13.4
0.0 0.0 13.4
0.0 0.0 13.4
0.0 0.0 13.4
0.0 0.0 13.4
0.0 0.0 13.4
0.0 0.0 13.4
0.0 0.0 13.0
0.0 0.0 13.0
0.0 0.0 13.0
0.0 0.0 13.0
0.0 0.0 13.0
0.0 0.0 13.0
0.0 0.0 13.0
0.0 0.0 13.0
0.0 0.0 13.0
0.0 0.0 13.0
0.0 0.0 13.0
0.0 0.0 13.0
0.0 0.0 13.0
0.0 0.0 13.0
0.0 0.0 13.0
0.0 0.0 13.0
0.0 0.0 14.2
0.0 0.0 14.2
0.0 0.0 14.2
0.0 0.0 14.2
0.0 0.0 14.2
0.0 0.0 14.2
0.0 0.0 14.2
0.0 0.0 14.2
0.0 0.0 14.2
0.0 0.0 14.2
0.0 0.0 14.2
0.0 0.0 14.2
0.0 0.0 14.2
0.0 0.0 14.2
0.0 0.0 14.2
0.0 0.0 14.2
0.0 0.0 14.2
0.0 0.0 13.1
0.0 0.0 13.1
0.0 0.0 13.1
0.0 0.0 13.1
0.0 0.0 13.1
0.0 0.0 13.1
0.0 0.0 13.1
0.0 0.0 13.1
0.0 0.0 13.1
0.0 0.0 13.1
0.0 0.0 13.1
0.0 0.0 13.1
0.0 0.0 13.1
0.0 0.0 13.1
0.0 0.0 13.1
0.0 0.0 13.1
0.0 0.0 13.1
0.0 0.0 12.8
0.0 0.0 12.8
0.0 0.0 12.8
0.0 0.0 12.8
0.0 0.0 12.8
0.0 0.0 12.8
0.0 0.0 12.8
0.0 0.0 12.8
0.0 0.0 12.8
0.0 0.0 12.8
0.0 0.0 12.8
0.0 0.0 12.8
0.0 0.0 12.8
0.0 0.0 12.8
0.0 0.0 12.8
0.0 0.0 12.8
0.0 0.0 14.0
0.0 0.0 14.0
0.0 0.0 14.0
0.0 0.0 14.0
0.0 0.0 14.0
0.0 0.0 14.0
0.0 0.0 14.0
0.0 0.0 14.0
0.0 0.0 14.0
0.0 0.0 14.0
0.0 0.0 14.0
0.0 0.0 14.0
0.0 0.0 14.0
0.0 0.0 14.0
0.0 0.0 14.0
0.0 0.0 14.0
0.0 0.0 14.0
0.0 0.0 8.8
0.0 0.0 8.8
0.0 0.0 8.8
0.0 0.0 8.8
0.0 0.0 8.8
0.0 0.0 8.8
0.0 0.0 8.8
0.0 0.0 8.8
0.0 0.0 8.8
0.0 0.0 8.8
0.0 0.0 8.8
0.0 0.0 8.8
0.0 0.0 8.8
0.0 0.0 8.8
0.0 0.0 8.8
0.0 0.0 8.8
0.0 0.0 13.2
0.0 0.0 13.2
0.0 0.0 13.2
0.0 0.0 13.2
0.0 0.0 13.2
0.0 0.0 13.2
0.0 0.0 13.2
0.0 0.0 13.2
0.0 0.0 13.2
0.0 0.0 13.2
0.0 0.0 13.2
0.0 0.0 13.2
0.0 0.0 13.2
0.0 0.0 13.2
0.0 0.0 13.2
0.0 0.0 13.2
0.0 0.0 18.2
0.0 0.0 18.2
0.0 0.0 18.2
0.0 0.0 18.2
0.0 0.0 18.2
0.0 0.0 18.2
0.0 0.0 18.2
0.0 0.0 18.2
0.0 0.0 18.2
0.0 0.0 18.2
0.0 0.0 18.2
0.0 0.0 18.2
0.0 0.0 18.2
0.0 0.0 18.2
0.0 0.0 18.2
0.0 0.0 18.2
0.0 0.0 17.5
0.0 0.0 17.5
0.0 0.0 17.5
0.0 0.0 17.5
0.0 0.0 17.5
0.0 0.0 17.5
0.0 0.0 17.5
0.0 0.0 17.5
0.0 0.0 17.5
0.0 0.0 17.5
0.0 0.0 17.5
0.0 0.0 17.5
0.0 0.0 17.5
0.0 0.0 17.5
0.0 0.0 17.5
0.0 0.0 17.5
0.0 0.0 17.5
0.0 0.0 10.6
0.0 0.0 10.6
0.0 0.0 10.6
0.0 0.0 10.6
0.0 0.0 10.6
0.0 0.0 10.6
0.0 0.0 10.6
0.0 0.0 10.6
0.0 0.0 10.6
0.0 0.0 10.6
0.0 0.0 10.6
0.0 0.0 10.6
0.0 0.0 10.6
0.0 0.0 10.6
0.0 0.0 10.6
0.0 0.0 10.6
0.0 0.0 12.8
0.0 0.0 12.8
0.0 0.0 12.8
0.0 0.0 12.8
0.0 0.0 12.8
0.0 0.0 12.8
0.0 0.0 12.8
0.0 0.0 12.8
0.0 0.0 12.8
0.0 0.0 12.8
0.0 0.0 12.8
0.0 0.0 12.8
0.0 0.0 12.8
0.0 0.0 12.8
0.0 0.0 12.8
0.0 0.0 12.8
0.0 0.0 12.8
0.0 0.0 11.3
0.0 0.0 11.3
0.0 0.0 11.3
0.0 0.0 11.3
0.0 0.0 11.3
0.0 0.0 11.3
0.0 0.0 11.3
0.0 0.0 11.3
0.0 0.0 11.3
0.0 0.0 11.3
0.0 0.0 11.3
0.0 0.0 11.3
0.0 0.0 11.3
0.0 0.0 11.3
0.0 0.0 11.3
0.0 0.0 11.3
0.0 0.0 12.8
0.0 0.0 12.8
0.0 0.0 12.8
0.0 0.0 12.8
0.0 0.0 12.8
0.0 0.0 12.8
0.0 0.0 12.8
0.0 0.0 12.8
0.0 0.0 12.8
0.0 0.0 12.8
0.0 0.0 12.8
0.0 0.0 12.8
0.0 0.0 12.8
0.0 0.0 12.8
0.0 0.0 12.8
0.0 0.0 12.8
0.0 0.0 12.8
0.0 0.0 12.8
0.0 0.0 12.8
0.0 0.0 12.8
0.0 0.0 12.8
0.0 0.0 12.8
0.0 0.0 12.8
0.0 0.0 12.8
0.0 0.0 12.8
0.0 0.0 12.8
0.0 0.0 12.8
0.0 0.0 12.8
0.0 0.0 12.8
0.0 0.0 12.8
0.0 0.0 12.8
0.0 0.0 12.8
0.0 0.0 12.8
0.0 0.0 13.7
0.0 0.0 13.7
0.0 0.0 13.7
0.0 0.0 13.7
0.0 0.0 13.7
0.0 0.0 13.7
0.0 0.0 13.7
0.0 0.0 13.7
0.0 0.0 13.7
0.0 0.0 13.7
0.0 0.0 13.7
0.0 0.0 13.7
0.0 0.0 13.7
0.0 0.0 13.7
0.0 0.0 13.7
0.0 0.0 13.7
0.0 0.0 13.7
0.0 0.0 12.4
0.0 0.0 12.4
0.0 0.0 12.4
0.0 0.0 12.4
0.0 0.0 12.4
0.0 0.0 12.4
0.0 0.0 12.4
0.0 0.0 12.4
0.0 0.0 12.4
0.0 0.0 12.4
0.0 0.0 12.4
0.0 0.0 12.4
0.0 0.0 12.4
16.0 0.0 12.4
0.0 0.0 12.4
0.0 0.0 12.4
0.0 0.0 13.2
0.0 0.0 13.2
0.0 0.0 13.2
0.0 0.0 13.2
0.0 0.0 13.2
0.0 0.0 13.2
0.0 0.0 13.2
Numero de Fallas:0
0.0 0.0 0.0
0.0 0.0 0.0
0.0 0.0 0.0
0.0 0.0 0.0
0.0 0.0 0.0
0.0 0.0 0.0
0.0 0.0 0.0
0.0 0.0 0.0
0.0 0.0 0.0
0.0 0.0 0.0
0.0 0.0 0.0
0.0 0.0 0.0
0.0 0.0 0.0
0.0 0.0 0.0
0.0 0.0 0.0
0.0 0.0 0.0
0.0 0.0 0.0
0.0 0.0 0.0
0.0 0.0 0.0
0.0 0.0 0.0
0.0 0.0 0.0
0.0 0.0 0.0
0.0 0.0 0.0
0.0 0.0 0.0
0.0 0.0 0.0
0.0 0.0 0.0
0.0 0.0 0.0
0.0 0.0 0.0
0.0 0.0 0.0
0.0 0.0 0.0
0.0 0.0 0.0
0.0 0.0 19.8
0.0 0.0 19.8
0.0 0.0 19.8
0.0 0.0 19.8
0.0 0.0 19.8
0.0 0.0 19.8
0.0 0.0 19.8
0.0 0.0 19.8
0.0 0.0 19.8
0.0 0.0 19.8
0.0 0.0 19.8
0.0 0.0 19.8
0.0 0.0 19.8
0.0 0.0 19.8
0.0 0.0 19.8
0.0 0.0 19.8
0.0 0.0 19.8
0.0 0.0 7.8
0.0 0.0 7.8
0.0 0.0 7.8
0.0 0.0 7.8
0.0 0.0 7.8
0.0 0.0 7.8
0.0 0.0 7.8
0.0 0.0 7.8
0.0 0.0 7.8
0.0 0.0 7.8
0.0 0.0 7.8
0.0 0.0 7.8
0.0 0.0 7.8
0.0 0.0 7.8
0.0 0.0 7.8
0.0 0.0 7.8
0.0 0.0 7.8
0.0 0.0 12.6
0.0 0.0 12.6
0.0 0.0 12.6
0.0 0.0 12.6
0.0 0.0 12.6
0.0 0.0 12.6
0.0 0.0 12.6
0.0 0.0 12.6
0.0 0.0 12.6
0.0 0.0 12.6
0.0 0.0 12.6
0.0 0.0 12.6
0.0 0.0 12.6
0.0 0.0 12.6
0.0 0.0 12.6
0.0 0.0 12.6
0.0 0.0 16.5
0.0 0.0 16.5
0.0 0.0 16.5
0.0 0.0 16.5
0.0 0.0 16.5
0.0 0.0 16.5
0.0 0.0 16.5
0.0 0.0 16.5
0.0 0.0 16.5
0.0 0.0 16.5
0.0 0.0 16.5
0.0 0.0 16.5
0.0 0.0 16.5
0.0 0.0 16.5
0.0 0.0 16.5
0.0 0.0 16.5
0.0 0.0 16.5
0.0 0.0 21.4
0.0 0.0 21.4
0.0 0.0 21.4
0.0 0.0 21.4
0.0 0.0 21.4
0.0 0.0 21.4
0.0 0.0 21.4
0.0 0.0 21.4
0.0 0.0 21.4
0.0 0.0 21.4
0.0 0.0 21.4
0.0 0.0 21.4
0.0 0.0 21.4
0.0 0.0 21.4
0.0 0.0 21.4
0.0 0.0 21.4
0.0 0.0 21.4
0.0 0.0 13.0
0.0 0.0 13.0
0.0 0.0 13.0
0.0 0.0 13.0
0.0 0.0 13.0
0.0 0.0 13.0
0.0 0.0 13.0
0.0 0.0 13.0
0.0 0.0 13.0
0.0 0.0 13.0
0.0 0.0 13.0
0.0 0.0 13.0
0.0 0.0 13.0
0.0 0.0 13.0
0.0 0.0 13.0
0.0 0.0 13.0
0.0 0.0 13.8
0.0 0.0 13.8
0.0 0.0 13.8
0.0 0.0 13.8
0.0 0.0 13.8
0.0 0.0 13.8
0.0 0.0 13.8
0.0 0.0 13.8
0.0 0.0 13.8
0.0 0.0 13.8
0.0 0.0 13.8
0.0 0.0 13.8
0.0 0.0 13.8
0.0 0.0 13.8
0.0 0.0 13.8
0.0 0.0 13.8
0.0 0.0 13.8
0.0 0.0 13.0
0.0 0.0 13.0
0.0 0.0 13.0
0.0 0.0 13.0
0.0 0.0 13.0
0.0 0.0 13.0
0.0 0.0 13.0
0.0 0.0 13.0
0.0 0.0 13.0
0.0 0.0 13.0
0.0 0.0 13.0
0.0 0.0 13.0
0.0 0.0 13.0
0.0 0.0 13.0
0.0 0.0 13.0
0.0 0.0 13.0
0.0 0.0 13.0
0.0 0.0 13.0
0.0 0.0 13.0
0.0 0.0 13.0
0.0 0.0 13.0
0.0 0.0 13.0
0.0 0.0 13.0
0.0 0.0 13.0
0.0 0.0 13.0
0.0 0.0 13.0
0.0 0.0 13.0
0.0 0.0 13.0
0.0 0.0 13.0
0.0 0.0 13.0
0.0 0.0 13.0
0.0 0.0 13.0
0.0 0.0 13.0
0.0 0.0 12.4
0.0 0.0 12.4
0.0 0.0 12.4
0.0 0.0 12.4
0.0 0.0 12.4
0.0 0.0 12.4
0.0 0.0 12.4
0.0 0.0 12.4
0.0 0.0 12.4
0.0 0.0 12.4
0.0 0.0 12.4
0.0 0.0 12.4
0.0 0.0 12.4
0.0 0.0 12.4
0.0 0.0 12.4
0.0 0.0 12.4
0.0 0.0 12.8
0.0 0.0 12.8
0.0 0.0 12.8
0.0 0.0 12.8
0.0 0.0 12.8
0.0 0.0 12.8
0.0 0.0 12.8
0.0 0.0 12.8
0.0 0.0 12.8
0.0 0.0 12.8
0.0 0.0 12.8
0.0 0.0 12.8
0.0 0.0 12.8
0.0 0.0 12.8
0.0 0.0 12.8
0.0 0.0 12.8
0.0 0.0 12.8
0.0 0.0 13.6
0.0 0.0 13.6
0.0 0.0 13.6
0.0 0.0 13.6
0.0 0.0 13.6
0.0 0.0 13.6
0.0 0.0 13.6
0.0 0.0 13.6
0.0 0.0 13.6
0.0 0.0 13.6
0.0 0.0 13.6
0.0 0.0 13.6
0.0 0.0 13.6
0.0 0.0 13.6
0.0 0.0 13.6
0.0 0.0 13.6
0.0 0.0 13.2
0.0 0.0 13.2
0.0 0.0 13.2
0.0 0.0 13.2
0.0 0.0 13.2
0.0 0.0 13.2
0.0 0.0 13.2
0.0 0.0 13.2
0.0 0.0 13.2
0.0 0.0 13.2
0.0 0.0 13.2
0.0 0.0 13.2
0.0 0.0 13.2
0.0 0.0 13.2
0.0 0.0 13.2
0.0 0.0 13.2
0.0 0.0 13.2
0.0 0.0 13.2
0.0 0.0 13.2
0.0 0.0 13.2
0.0 0.0 13.2
0.0 0.0 13.2
0.0 0.0 13.2
0.0 0.0 13.2
0.0 0.0 13.2
0.0 0.0 13.2
0.0 0.0 13.2
0.0 0.0 13.2
0.0 0.0 13.2
0.0 0.0 13.2
0.0 0.0 13.2
0.0 0.0 13.2
0.0 0.0 13.2
0.0 0.0 17.5
0.0 0.0 17.5
0.0 0.0 17.5
0.0 0.0 17.5
0.0 0.0 17.5
0.0 0.0 17.5
0.0 0.0 17.5
0.0 0.0 17.5
0.0 0.0 17.5
0.0 0.0 17.5
0.0 0.0 17.5
0.0 0.0 17.5
0.0 0.0 17.5
0.0 0.0 17.5
0.0 0.0 17.5
0.0 0.0 17.5
0.0 0.0 17.5
0.0 0.0 12.8
0.0 0.0 12.8
0.0 0.0 12.8
0.0 0.0 12.8
0.0 0.0 12.8
0.0 0.0 12.8
0.0 0.0 12.8
0.0 0.0 12.8
0.0 0.0 12.8
0.0 0.0 12.8
0.0 0.0 12.8
0.0 0.0 12.8
0.0 0.0 12.8
0.0 0.0 12.8
0.0 0.0 12.8
0.0 0.0 12.8
0.0 0.0 5.4
0.0 0.0 5.4
0.0 0.0 5.4
0.0 0.0 5.4
0.0 0.0 5.4
0.0 0.0 5.4
0.0 0.0 5.4
0.0 0.0 5.4
0.0 0.0 5.4
0.0 0.0 5.4
0.0 0.0 5.4
0.0 0.0 5.4
0.0 0.0 5.4
0.0 0.0 5.4
0.0 0.0 5.4
0.0 0.0 5.4
0.0 0.0 5.4
0.0 0.0 14.7
0.0 0.0 14.7
0.0 0.0 14.7
0.0 0.0 14.7
0.0 0.0 14.7
0.0 0.0 14.7
0.0 0.0 14.7
0.0 0.0 14.7
0.0 0.0 14.7
0.0 0.0 14.7
0.0 0.0 14.7
0.0 0.0 14.7
0.0 0.0 14.7
0.0 0.0 14.7
0.0 0.0 14.7
0.0 0.0 14.7
0.0 0.0 10.1
0.0 0.0 10.1
0.0 0.0 10.1
0.0 0.0 10.1
0.0 0.0 10.1
0.0 0.0 10.1
0.0 0.0 10.1
0.0 0.0 10.1
0.0 0.0 10.1
0.0 0.0 10.1
0.0 0.0 10.1
0.0 0.0 10.1
0.0 0.0 10.1
0.0 0.0 10.1
0.0 0.0 10.1
0.0 0.0 10.1
0.0 0.0 10.1
0.0 0.0 11.7
0.0 0.0 11.7
0.0 0.0 11.7
0.0 0.0 11.7
0.0 0.0 11.7
0.0 0.0 11.7
0.0 0.0 11.7
0.0 0.0 11.7
0.0 0.0 11.7
0.0 0.0 11.7
0.0 0.0 11.7
0.0 0.0 11.7
0.0 0.0 11.7
16.0 0.0 11.7
0.0 0.0 11.7
0.0 0.0 11.7
0.0 0.0 0.3
0.0 0.0 0.3
0.0 0.0 0.3
0.0 0.0 0.3
0.0 0.0 0.3
0.0 0.0 0.3
0.0 0.0 0.3
0.0 0.0 0.3
0.0 0.0 0.3
0.0 0.0 0.3
0.0 0.0 0.3
0.0 0.0 0.3
0.0 0.0 0.3
0.0 0.0 0.3
0.0 0.0 0.3
0.0 0.0 0.3
0.0 0.0 12.8
0.0 0.0 12.8
0.0 0.0 12.8
0.0 0.0 12.8
0.0 0.0 12.8
0.0 0.0 12.8
0.0 0.0 12.8
0.0 0.0 12.8
0.0 0.0 12.8
0.0 0.0 12.8
0.0 0.0 12.8
0.0 0.0 12.8
0.0 0.0 12.8
0.0 0.0 12.8
0.0 0.0 12.8
0.0 0.0 12.8
0.0 0.0 12.8
0.0 0.0 12.8
0.0 0.0 12.8
0.0 0.0 12.8
0.0 0.0 12.8
0.0 0.0 12.8
Numero de Fallas:0
0.0 0.0 0.0
0.0 0.0 0.0
0.0 0.0 0.0
0.0 0.0 0.0
0.0 0.0 0.0
0.0 0.0 0.0
0.0 0.0 0.0
0.0 0.0 0.0
0.0 0.0 0.0
0.0 0.0 0.0
0.0 0.0 0.0
0.0 0.0 0.0
0.0 0.0 0.0
0.0 0.0 0.0
0.0 0.0 0.0
0.0 0.0 0.0
0.0 0.0 0.0
0.0 0.0 0.0
0.0 0.0 0.0
0.0 0.0 0.0
0.0 0.0 0.0
0.0 0.0 0.0
0.0 0.0 0.0
0.0 0.0 0.0
0.0 0.0 0.0
0.0 0.0 0.0
0.0 0.0 0.0
0.0 0.0 0.0
0.0 0.0 0.0
0.0 0.0 0.0
0.0 0.0 0.0
0.0 0.0 0.0
0.0 0.0 14.2
0.0 0.0 14.2
0.0 0.0 14.2
0.0 0.0 14.2
0.0 0.0 14.2
0.0 0.0 14.2
0.0 0.0 14.2
0.0 0.0 14.2
0.0 0.0 14.2
0.0 0.0 14.2
0.0 0.0 14.2
0.0 0.0 14.2
0.0 0.0 14.2
0.0 0.0 14.2
0.0 0.0 14.2
0.0 0.0 14.2
0.0 0.0 14.2
0.0 0.0 15.9
0.0 0.0 15.9
0.0 0.0 15.9
0.0 0.0 15.9
0.0 0.0 15.9
0.0 0.0 15.9
0.0 0.0 15.9
0.0 0.0 15.9
0.0 0.0 15.9
0.0 0.0 15.9
0.0 0.0 15.9
0.0 0.0 15.9
0.0 0.0 15.9
0.0 0.0 15.9
0.0 0.0 15.9
0.0 0.0 15.9
0.0 0.0 15.9
0.0 0.0 13.0
0.0 0.0 13.0
0.0 0.0 13.0
0.0 0.0 13.0
0.0 0.0 13.0
0.0 0.0 13.0
0.0 0.0 13.0
0.0 0.0 13.0
0.0 0.0 13.0
0.0 0.0 13.0
0.0 0.0 13.0
0.0 0.0 13.0
0.0 0.0 13.0
0.0 0.0 13.0
0.0 0.0 13.0
0.0 0.0 13.0
0.0 0.0 13.0
0.0 0.0 12.6
0.0 0.0 12.6
0.0 0.0 12.6
0.0 0.0 12.6
0.0 0.0 12.6
0.0 0.0 12.6
0.0 0.0 12.6
0.0 0.0 12.6
0.0 0.0 12.6
0.0 0.0 12.6
0.0 0.0 12.6
0.0 0.0 12.6
0.0 0.0 12.6
0.0 0.0 12.6
0.0 0.0 12.6
0.0 0.0 12.6
0.0 0.0 19.0
0.0 0.0 19.0
0.0 0.0 19.0
0.0 0.0 19.0
0.0 0.0 19.0
0.0 0.0 19.0
0.0 0.0 19.0
0.0 0.0 19.0
0.0 0.0 19.0
0.0 0.0 19.0
0.0 0.0 19.0
0.0 0.0 19.0
0.0 0.0 19.0
0.0 0.0 19.0
0.0 0.0 19.0
0.0 0.0 19.0
0.0 0.0 19.0
0.0 0.0 11.7
0.0 0.0 11.7
0.0 0.0 11.7
0.0 0.0 11.7
0.0 0.0 11.7
0.0 0.0 11.7
0.0 0.0 11.7
0.0 0.0 11.7
0.0 0.0 11.7
0.0 0.0 11.7
0.0 0.0 11.7
0.0 0.0 11.7
0.0 0.0 11.7
0.0 0.0 11.7
0.0 0.0 11.7
0.0 0.0 11.7
0.0 0.0 10.9
0.0 0.0 10.9
0.0 0.0 10.9
0.0 0.0 10.9
0.0 0.0 10.9
0.0 0.0 10.9
0.0 0.0 10.9
0.0 0.0 10.9
0.0 0.0 10.9
0.0 0.0 10.9
0.0 0.0 10.9
0.0 0.0 10.9
0.0 0.0 10.9
0.0 0.0 10.9
0.0 0.0 10.9
0.0 0.0 10.9
0.0 0.0 10.9
0.0 0.0 12.4
0.0 0.0 12.4
0.0 0.0 12.4
0.0 0.0 12.4
0.0 0.0 12.4
0.0 0.0 12.4
0.0 0.0 12.4
0.0 0.0 12.4
0.0 0.0 12.4
0.0 0.0 12.4
0.0 0.0 12.4
0.0 0.0 12.4
0.0 0.0 12.4
0.0 0.0 12.4
0.0 0.0 12.4
0.0 0.0 12.4
0.0 0.0 18.6
0.0 0.0 18.6
0.0 0.0 18.6
0.0 0.0 18.6
0.0 0.0 18.6
0.0 0.0 18.6
0.0 0.0 18.6
0.0 0.0 18.6
0.0 0.0 18.6
0.0 0.0 18.6
0.0 0.0 18.6
0.0 0.0 18.6
0.0 0.0 18.6
0.0 0.0 18.6
0.0 0.0 18.6
0.0 0.0 18.6
0.0 0.0 20.8
0.0 0.0 20.8
0.0 0.0 20.8
0.0 0.0 20.8
0.0 0.0 20.8
0.0 0.0 20.8
0.0 0.0 20.8
0.0 0.0 20.8
0.0 0.0 20.8
0.0 0.0 20.8
0.0 0.0 20.8
0.0 0.0 20.8
0.0 0.0 20.8
0.0 0.0 20.8
0.0 0.0 20.8
0.0 0.0 20.8
0.0 0.0 20.8
0.0 0.0 11.8
0.0 0.0 11.8
0.0 0.0 11.8
0.0 0.0 11.8
0.0 0.0 11.8
0.0 0.0 11.8
0.0 0.0 11.8
0.0 0.0 11.8
0.0 0.0 11.8
0.0 0.0 11.8
0.0 0.0 11.8
0.0 0.0 11.8
0.0 0.0 11.8
0.0 0.0 11.8
0.0 0.0 11.8
0.0 0.0 11.8
0.0 0.0 11.8
0.0 0.0 12.1
0.0 0.0 12.1
0.0 0.0 12.1
0.0 0.0 12.1
0.0 0.0 12.1
0.0 0.0 12.1
0.0 0.0 12.1
0.0 0.0 12.1
0.0 0.0 12.1
0.0 0.0 12.1
0.0 0.0 12.1
0.0 0.0 12.1
0.0 0.0 12.1
0.0 0.0 12.1
0.0 0.0 12.1
0.0 0.0 12.1
0.0 0.0 11.2
0.0 0.0 11.2
0.0 0.0 11.2
0.0 0.0 11.2
0.0 0.0 11.2
0.0 0.0 11.2
0.0 0.0 11.2
0.0 0.0 11.2
0.0 0.0 11.2
0.0 0.0 11.2
0.0 0.0 11.2
0.0 0.0 11.2
0.0 0.0 11.2
0.0 0.0 11.2
0.0 0.0 11.2
0.0 0.0 11.2
0.0 0.0 11.2
0.0 0.0 12.4
0.0 0.0 12.4
0.0 0.0 12.4
0.0 0.0 12.4
0.0 0.0 12.4
0.0 0.0 12.4
0.0 0.0 12.4
0.0 0.0 12.4
0.0 0.0 12.4
0.0 0.0 12.4
0.0 0.0 12.4
0.0 0.0 12.4
0.0 0.0 12.4
0.0 0.0 12.4
0.0 0.0 12.4
0.0 0.0 12.4
0.0 0.0 11.6
0.0 0.0 11.6
0.0 0.0 11.6
0.0 0.0 11.6
0.0 0.0 11.6
0.0 0.0 11.6
0.0 0.0 11.6
0.0 0.0 11.6
0.0 0.0 11.6
0.0 0.0 11.6
0.0 0.0 11.6
0.0 0.0 11.6
0.0 0.0 11.6
0.0 0.0 11.6
0.0 0.0 11.6
0.0 0.0 11.6
0.0 0.0 11.6
0.0 0.0 12.1
0.0 0.0 12.1
0.0 0.0 12.1
0.0 0.0 12.1
0.0 0.0 12.1
0.0 0.0 12.1
0.0 0.0 12.1
0.0 0.0 12.1
0.0 0.0 12.1
0.0 0.0 12.1
0.0 0.0 12.1
0.0 0.0 12.1
0.0 0.0 12.1
0.0 0.0 12.1
0.0 0.0 12.1
0.0 0.0 12.1
0.0 0.0 15.9
0.0 0.0 15.9
0.0 0.0 15.9
0.0 0.0 15.9
0.0 0.0 15.9
0.0 0.0 15.9
0.0 0.0 15.9
0.0 0.0 15.9
0.0 0.0 15.9
0.0 0.0 15.9
0.0 0.0 15.9
0.0 0.0 15.9
0.0 0.0 15.9
0.0 0.0 15.9
0.0 0.0 15.9
0.0 0.0 15.9
0.0 0.0 15.9
0.0 0.0 12.4
0.0 0.0 12.4
0.0 0.0 12.4
0.0 0.0 12.4
0.0 0.0 12.4
0.0 0.0 12.4
0.0 0.0 12.4
0.0 0.0 12.4
0.0 0.0 12.4
0.0 0.0 12.4
0.0 0.0 12.4
0.0 0.0 12.4
0.0 0.0 12.4
0.0 0.0 12.4
0.0 0.0 12.4
0.0 0.0 12.4
0.0 0.0 16.3
0.0 0.0 16.3
0.0 0.0 16.3
0.0 0.0 16.3
0.0 0.0 16.3
0.0 0.0 16.3
0.0 0.0 16.3
0.0 0.0 16.3
0.0 0.0 16.3
0.0 0.0 16.3
0.0 0.0 16.3
0.0 0.0 16.3
0.0 0.0 16.3
0.0 0.0 16.3
0.0 0.0 16.3
0.0 0.0 16.3
0.0 0.0 16.3
0.0 0.0 25.8
0.0 0.0 25.8
0.0 0.0 25.8
0.0 0.0 25.8
0.0 0.0 25.8
0.0 0.0 25.8
0.0 0.0 25.8
0.0 0.0 25.8
0.0 0.0 25.8
0.0 0.0 25.8
0.0 0.0 25.8
0.0 0.0 25.8
0.0 0.0 25.8
0.0 0.0 25.8
0.0 0.0 25.8
0.0 0.0 25.8
0.0 0.0 18.6
0.0 0.0 18.6
0.0 0.0 18.6
0.0 0.0 18.6
0.0 0.0 18.6
0.0 0.0 18.6
0.0 0.0 18.6
0.0 0.0 18.6
0.0 0.0 18.6
0.0 0.0 18.6
0.0 0.0 18.6
0.0 0.0 18.6
0.0 0.0 18.6
0.0 0.0 18.6
0.0 0.0 18.6
0.0 0.0 18.6
0.0 0.0 18.6
0.0 0.0 12.4
0.0 0.0 12.4
0.0 0.0 12.4
0.0 0.0 12.4
0.0 0.0 12.4
0.0 0.0 12.4
0.0 0.0 12.4
0.0 0.0 12.4
0.0 0.0 12.4
0.0 0.0 12.4
0.0 0.0 12.4
0.0 0.0 12.4
0.0 0.0 12.4
0.0 0.0 12.4
0.0 0.0 12.4
0.0 0.0 12.4
0.0 0.0 14.4
0.0 0.0 14.4
0.0 0.0 14.4
0.0 0.0 14.4
Numero de Fallas:0