
0.0 0.0 NaN
0.0 0.0 NaN
0.0 0.0 NaN
0.0 0.0 NaN
0.0 0.0 NaN
1.0 0.0 NaN
1.0 0.0 NaN
0.0 1.0 NaN
0.0 1.0 NaN
0.0 1.0 NaN
0.0 0.0 55.0
0.0 0.0 55.0
0.0 0.0 55.0
0.0 0.0 55.0
0.0 0.0 55.0
0.0 0.0 55.0
0.0 0.0 55.0
0.0 0.0 55.0
0.0 0.0 55.0
0.0 0.0 55.0
0.0 0.0 55.0
0.0 0.0 55.0
0.0 0.0 55.0
0.0 0.0 11.8
1.0 0.0 11.8
0.0 0.0 11.8
0.0 0.0 11.8
0.0 0.0 11.8
0.0 0.0 11.8
0.0 0.0 11.8
0.0 0.0 11.8
0.0 0.0 11.8
0.0 0.0 11.8
0.0 0.0 11.8
0.0 0.0 11.8
0.0 0.0 11.8
0.0 0.0 21.1
0.0 0.0 21.1
0.0 0.0 21.1
0.0 0.0 21.1
0.0 0.0 21.1
0.0 0.0 21.1
0.0 0.0 21.1
0.0 0.0 21.1
0.0 0.0 21.1
0.0 0.0 21.1
0.0 0.0 21.1
0.0 0.0 21.1
0.0 0.0 21.1
0.0 0.0 10.7
0.0 0.0 10.7
0.0 0.0 10.7
0.0 0.0 10.7
0.0 0.0 10.7
1.0 0.0 10.7
0.0 0.0 10.7
0.0 0.0 10.7
0.0 0.0 10.7
0.0 0.0 10.7
0.0 0.0 10.7
0.0 0.0 10.7
0.0 0.0 10.7
0.0 0.0 11.1
0.0 0.0 11.1
0.0 0.0 11.1
0.0 0.0 11.1
0.0 0.0 11.1
0.0 0.0 11.1
0.0 0.0 11.1
0.0 0.0 11.1
0.0 0.0 11.1
0.0 0.0 11.1
0.0 0.0 11.1
1.0 0.0 11.1
0.0 0.0 11.1
0.0 0.0 16.7
0.0 0.0 16.7
0.0 0.0 16.7
0.0 0.0 16.7
0.0 0.0 16.7
0.0 0.0 16.7
0.0 0.0 16.7
0.0 0.0 16.7
0.0 0.0 16.7
0.0 0.0 16.7
0.0 0.0 16.7
0.0 0.0 16.7
0.0 0.0 16.7
0.0 0.0 13.3
0.0 0.0 13.3
0.0 0.0 13.3
0.0 0.0 13.3
0.0 0.0 13.3
0.0 0.0 13.3
0.0 0.0 13.3
0.0 0.0 13.3
0.0 0.0 13.3
0.0 0.0 13.3
0.0 0.0 13.3
0.0 0.0 13.3
0.0 0.0 13.3
0.0 0.0 11.1
0.0 0.0 11.1
0.0 0.0 11.1
0.0 0.0 11.1
0.0 0.0 11.1
0.0 0.0 11.1
0.0 0.0 11.1
0.0 0.0 11.1
0.0 0.0 11.1
0.0 0.0 11.1
0.0 0.0 11.1
0.0 0.0 11.1
0.0 0.0 11.1
0.0 0.0 7.3
0.0 0.0 7.3
0.0 0.0 7.3
0.0 0.0 7.3
0.0 0.0 7.3
0.0 0.0 7.3
0.0 0.0 7.3
0.0 0.0 7.3
0.0 0.0 7.3
0.0 0.0 7.3
0.0 0.0 7.3
0.0 0.0 7.3
0.0 0.0 7.3
1.0 0.0 11.4
0.0 0.0 11.4
0.0 0.0 11.4
0.0 0.0 11.4
0.0 0.0 11.4
0.0 0.0 11.4
0.0 0.0 11.4
0.0 0.0 11.4
0.0 0.0 11.4
0.0 0.0 11.4
0.0 0.0 11.4
0.0 0.0 11.4
0.0 0.0 11.4
0.0 0.0 13.8
0.0 0.0 13.8
0.0 0.0 13.8
0.0 0.0 13.8
0.0 0.0 13.8
0.0 0.0 13.8
0.0 0.0 13.8
0.0 0.0 13.8
0.0 0.0 13.8
0.0 0.0 13.8
0.0 0.0 13.8
0.0 0.0 13.8
0.0 0.0 13.8
0.0 0.0 14.8
0.0 0.0 14.8
0.0 0.0 14.8
0.0 0.0 14.8
0.0 0.0 14.8
0.0 0.0 14.8
0.0 0.0 14.8
0.0 0.0 14.8
0.0 0.0 14.8
0.0 0.0 14.8
0.0 0.0 14.8
0.0 0.0 14.8
0.0 0.0 14.8
0.0 0.0 14.8
0.0 0.0 14.8
0.0 0.0 14.8
0.0 0.0 14.8
0.0 0.0 14.8
0.0 0.0 14.8
0.0 0.0 14.8
0.0 0.0 14.8
0.0 0.0 14.8
0.0 0.0 14.8
0.0 0.0 14.8
0.0 0.0 14.8
0.0 0.0 14.8
0.0 0.0 10.7
0.0 0.0 10.7
0.0 0.0 10.7
0.0 0.0 10.7
0.0 0.0 10.7
0.0 0.0 10.7
0.0 0.0 10.7
0.0 0.0 10.7
0.0 1.0 10.7
0.0 0.0 10.7
0.0 0.0 10.7
0.0 0.0 10.7
0.0 0.0 10.7
0.0 0.0 15.6
0.0 0.0 15.6
0.0 0.0 15.6
0.0 0.0 15.6
0.0 0.0 15.6
0.0 0.0 15.6
0.0 0.0 15.6
0.0 0.0 15.6
Numero de Fallas:0
0.0 0.0 NaN
0.0 0.0 NaN
0.0 0.0 NaN
0.0 0.0 NaN
0.0 0.0 NaN
0.0 0.0 NaN
0.0 0.0 NaN
0.0 0.0 NaN
0.0 0.0 NaN
0.0 0.0 NaN
0.0 0.0 NaN
0.0 0.0 NaN
0.0 0.0 NaN
0.0 0.0 NaN
0.0 0.0 NaN
0.0 0.0 NaN
0.0 0.0 NaN
0.0 0.0 NaN
0.0 0.0 NaN
0.0 0.0 NaN
0.0 0.0 NaN
0.0 0.0 NaN
0.0 0.0 NaN
0.0 0.0 14.8
0.0 0.0 14.8
0.0 0.0 14.8
0.0 0.0 14.8
0.0 0.0 14.8
0.0 0.0 14.8
0.0 0.0 14.8
0.0 0.0 14.8
0.0 0.0 14.8
0.0 0.0 14.8
0.0 0.0 14.8
0.0 0.0 14.8
0.0 0.0 14.8
0.0 0.0 12.6
0.0 0.0 12.6
0.0 0.0 12.6
0.0 0.0 12.6
0.0 0.0 12.6
0.0 0.0 12.6
0.0 0.0 12.6
0.0 0.0 12.6
0.0 0.0 12.6
0.0 0.0 12.6
0.0 0.0 12.6
0.0 0.0 12.6
0.0 0.0 12.6
0.0 0.0 15.2
0.0 0.0 15.2
0.0 0.0 15.2
0.0 0.0 15.2
0.0 0.0 15.2
1.0 0.0 15.2
0.0 0.0 15.2
0.0 0.0 15.2
0.0 0.0 15.2
0.0 0.0 15.2
0.0 0.0 15.2
0.0 0.0 15.2
0.0 0.0 15.2
0.0 0.0 14.5
0.0 0.0 14.5
0.0 0.0 14.5
0.0 0.0 14.5
0.0 0.0 14.5
0.0 0.0 14.5
0.0 0.0 14.5
0.0 0.0 14.5
0.0 0.0 14.5
0.0 0.0 14.5
0.0 0.0 14.5
0.0 0.0 14.5
0.0 0.0 14.5
0.0 0.0 25.7
0.0 0.0 25.7
0.0 0.0 25.7
0.0 0.0 25.7
0.0 0.0 25.7
0.0 0.0 25.7
0.0 0.0 25.7
0.0 0.0 25.7
0.0 0.0 25.7
0.0 0.0 25.7
0.0 0.0 25.7
0.0 0.0 25.7
0.0 0.0 25.7
0.0 0.0 17.8
0.0 0.0 17.8
0.0 0.0 17.8
0.0 0.0 17.8
0.0 0.0 17.8
0.0 0.0 17.8
0.0 0.0 17.8
0.0 0.0 17.8
0.0 0.0 17.8
0.0 0.0 17.8
0.0 0.0 17.8
0.0 0.0 17.8
0.0 0.0 17.8
0.0 0.0 12.2
0.0 0.0 12.2
0.0 0.0 12.2
0.0 0.0 12.2
0.0 0.0 12.2
0.0 0.0 12.2
0.0 0.0 12.2
0.0 1.0 12.2
0.0 0.0 12.2
0.0 0.0 12.2
0.0 0.0 12.2
0.0 0.0 12.2
0.0 0.0 12.2
0.0 0.0 8.1
0.0 0.0 8.1
0.0 0.0 8.1
0.0 0.0 8.1
0.0 0.0 8.1
0.0 0.0 8.1
0.0 0.0 8.1
0.0 0.0 8.1
0.0 0.0 8.1
0.0 0.0 8.1
0.0 0.0 8.1
0.0 0.0 8.1
0.0 0.0 8.1
0.0 0.0 10.5
0.0 1.0 10.5
0.0 0.0 10.5
0.0 0.0 10.5
0.0 0.0 10.5
0.0 0.0 10.5
0.0 0.0 10.5
0.0 0.0 10.5
0.0 0.0 10.5
0.0 0.0 10.5
0.0 0.0 10.5
0.0 0.0 10.5
0.0 0.0 10.5
0.0 0.0 13.2
1.0 0.0 13.2
0.0 0.0 13.2
0.0 0.0 13.2
0.0 0.0 13.2
0.0 0.0 13.2
0.0 0.0 13.2
0.0 0.0 13.2
0.0 0.0 13.2
0.0 0.0 13.2
1.0 0.0 13.2
0.0 0.0 13.2
0.0 0.0 13.2
0.0 0.0 10.3
0.0 0.0 10.3
0.0 0.0 10.3
0.0 0.0 10.3
0.0 0.0 10.3
0.0 0.0 10.3
0.0 0.0 10.3
0.0 0.0 10.3
0.0 0.0 10.3
0.0 0.0 10.3
0.0 0.0 10.3
0.0 0.0 10.3
0.0 0.0 10.3
0.0 0.0 14.5
0.0 0.0 14.5
0.0 0.0 14.5
0.0 0.0 14.5
0.0 0.0 14.5
0.0 0.0 14.5
0.0 0.0 14.5
1.0 0.0 14.5
0.0 0.0 14.5
1.0 0.0 14.5
0.0 0.0 14.5
0.0 0.0 14.5
0.0 0.0 14.5
0.0 0.0 11.8
0.0 0.0 11.8
0.0 0.0 11.8
0.0 0.0 11.8
1.0 0.0 11.8
0.0 0.0 11.8
0.0 0.0 11.8
0.0 0.0 11.8
0.0 0.0 11.8
0.0 0.0 11.8
0.0 0.0 11.8
1.0 0.0 11.8
0.0 0.0 11.8
0.0 0.0 5.8
0.0 0.0 5.8
0.0 0.0 5.8
0.0 0.0 5.8
0.0 0.0 5.8
0.0 0.0 5.8
0.0 0.0 5.8
1.0 0.0 5.8
Numero de Fallas:0
0.0 0.0 NaN
0.0 0.0 NaN
0.0 0.0 NaN
0.0 0.0 NaN
0.0 0.0 NaN
0.0 0.0 NaN
0.0 0.0 NaN
0.0 0.0 NaN
0.0 0.0 NaN
0.0 1.0 NaN
0.0 0.0 10.6
0.0 0.0 10.6
0.0 0.0 10.6
0.0 0.0 10.6
0.0 0.0 10.6
0.0 0.0 10.6
0.0 0.0 10.6
0.0 0.0 10.6
0.0 0.0 10.6
0.0 0.0 10.6
0.0 0.0 10.6
0.0 0.0 10.6
0.0 0.0 10.6
0.0 0.0 14.1
0.0 0.0 14.1
0.0 0.0 14.1
0.0 0.0 14.1
0.0 0.0 14.1
0.0 0.0 14.1
0.0 0.0 14.1
0.0 0.0 14.1
0.0 0.0 14.1
0.0 0.0 14.1
0.0 0.0 14.1
0.0 0.0 14.1
0.0 0.0 14.1
0.0 0.0 12.2
0.0 0.0 12.2
0.0 0.0 12.2
0.0 0.0 12.2
0.0 0.0 12.2
0.0 0.0 12.2
0.0 0.0 12.2
0.0 0.0 12.2
0.0 0.0 12.2
0.0 0.0 12.2
0.0 0.0 12.2
0.0 0.0 12.2
0.0 0.0 12.2
0.0 0.0 12.6
0.0 0.0 12.6
0.0 0.0 12.6
0.0 0.0 12.6
0.0 0.0 12.6
1.0 0.0 12.6
0.0 0.0 12.6
0.0 0.0 12.6
0.0 0.0 12.6
0.0 0.0 12.6
0.0 0.0 12.6
0.0 0.0 12.6
0.0 0.0 12.6
0.0 0.0 14.1
0.0 0.0 14.1
0.0 0.0 14.1
0.0 0.0 14.1
0.0 0.0 14.1
0.0 0.0 14.1
0.0 0.0 14.1
0.0 0.0 14.1
0.0 0.0 14.1
0.0 0.0 14.1
0.0 0.0 14.1
0.0 0.0 14.1
0.0 0.0 14.1
0.0 0.0 13.3
0.0 0.0 13.3
0.0 0.0 13.3
0.0 0.0 13.3
0.0 0.0 13.3
0.0 0.0 13.3
0.0 0.0 13.3
0.0 0.0 13.3
0.0 0.0 13.3
0.0 0.0 13.3
0.0 0.0 13.3
0.0 0.0 13.3
0.0 0.0 13.3
0.0 0.0 12.6
0.0 0.0 12.6
0.0 0.0 12.6
0.0 0.0 12.6
0.0 0.0 12.6
0.0 0.0 12.6
0.0 0.0 12.6
0.0 0.0 12.6
0.0 0.0 12.6
0.0 0.0 12.6
0.0 0.0 12.6
0.0 0.0 12.6
0.0 0.0 12.6
0.0 0.0 12.2
0.0 0.0 12.2
0.0 0.0 12.2
0.0 0.0 12.2
0.0 0.0 12.2
0.0 0.0 12.2
0.0 0.0 12.2
0.0 0.0 12.2
0.0 0.0 12.2
0.0 0.0 12.2
0.0 0.0 12.2
0.0 1.0 12.2
0.0 0.0 12.2
1.0 0.0 11.3
0.0 0.0 11.3
0.0 1.0 11.3
0.0 1.0 11.3
1.0 0.0 11.3
0.0 0.0 11.3
0.0 0.0 11.3
0.0 0.0 11.3
0.0 0.0 11.3
0.0 0.0 11.3
0.0 0.0 11.3
0.0 0.0 11.3
0.0 0.0 11.3
0.0 0.0 7.3
0.0 0.0 7.3
0.0 0.0 7.3
0.0 0.0 7.3
0.0 0.0 7.3
0.0 0.0 7.3
0.0 0.0 7.3
0.0 0.0 7.3
0.0 0.0 7.3
0.0 0.0 7.3
0.0 0.0 7.3
0.0 0.0 7.3
0.0 0.0 7.3
0.0 0.0 10.7
0.0 0.0 10.7
0.0 0.0 10.7
0.0 0.0 10.7
0.0 0.0 10.7
0.0 0.0 10.7
0.0 0.0 10.7
0.0 0.0 10.7
0.0 0.0 10.7
0.0 0.0 10.7
0.0 0.0 10.7
0.0 0.0 10.7
0.0 0.0 10.7
0.0 0.0 26.4
0.0 0.0 26.4
0.0 0.0 26.4
0.0 0.0 26.4
0.0 0.0 26.4
0.0 0.0 26.4
0.0 0.0 26.4
0.0 0.0 26.4
0.0 0.0 26.4
0.0 0.0 26.4
0.0 0.0 26.4
0.0 0.0 26.4
0.0 0.0 26.4
0.0 0.0 13.3
0.0 0.0 13.3
0.0 0.0 13.3
0.0 0.0 13.3
0.0 0.0 13.3
0.0 0.0 13.3
0.0 0.0 13.3
0.0 0.0 13.3
0.0 0.0 13.3
1.0 0.0 13.3
0.0 0.0 13.3
0.0 0.0 13.3
0.0 0.0 13.3
0.0 0.0 9.6
0.0 0.0 9.6
0.0 0.0 9.6
0.0 0.0 9.6
0.0 0.0 9.6
0.0 0.0 9.6
0.0 0.0 9.6
0.0 0.0 9.6
0.0 0.0 9.6
0.0 0.0 9.6
0.0 0.0 9.6
0.0 0.0 9.6
0.0 0.0 9.6
0.0 0.0 15.6
0.0 0.0 15.6
0.0 0.0 15.6
0.0 0.0 15.6
0.0 0.0 15.6
0.0 0.0 15.6
0.0 0.0 15.6
0.0 0.0 15.6
Numero de Fallas:0
0.0 0.0 NaN
0.0 0.0 100.0
0.0 1.0 NaN
0.0 0.0 NaN
0.0 0.0 NaN
0.0 0.0 NaN
0.0 0.0 NaN
0.0 0.0 NaN
0.0 0.0 NaN
0.0 0.0 NaN
1.0 0.0 NaN
0.0 0.0 100.0
0.0 0.0 100.0
0.0 0.0 100.0
0.0 0.0 100.0
0.0 0.0 100.0
0.0 0.0 100.0
0.0 0.0 100.0
0.0 0.0 100.0
0.0 0.0 100.0
0.0 0.0 100.0
0.0 0.0 100.0
0.0 0.0 100.0
0.0 0.0 13.7
0.0 0.0 13.7
0.0 0.0 13.7
0.0 0.0 13.7
0.0 0.0 13.7
0.0 0.0 13.7
0.0 0.0 13.7
0.0 0.0 13.7
0.0 0.0 13.7
0.0 0.0 13.7
0.0 0.0 13.7
0.0 0.0 13.7
0.0 0.0 13.7
0.0 0.0 15.2
0.0 0.0 15.2
0.0 0.0 15.2
0.0 0.0 15.2
0.0 0.0 15.2
0.0 0.0 15.2
0.0 0.0 15.2
0.0 0.0 15.2
0.0 0.0 15.2
0.0 0.0 15.2
0.0 0.0 15.2
0.0 0.0 15.2
0.0 0.0 15.2
0.0 0.0 11.5
0.0 0.0 11.5
0.0 0.0 11.5
0.0 0.0 11.5
0.0 0.0 11.5
2.0 0.0 11.5
0.0 0.0 11.5
0.0 0.0 11.5
0.0 0.0 11.5
0.0 0.0 11.5
0.0 0.0 11.5
0.0 0.0 11.5
0.0 0.0 11.5
0.0 0.0 18.6
0.0 0.0 18.6
0.0 0.0 18.6
0.0 0.0 18.6
0.0 0.0 18.6
0.0 0.0 18.6
0.0 0.0 18.6
0.0 0.0 18.6
0.0 0.0 18.6
0.0 0.0 18.6
0.0 0.0 18.6
0.0 0.0 18.6
0.0 0.0 18.6
0.0 0.0 13.0
0.0 0.0 13.0
0.0 0.0 13.0
0.0 0.0 13.0
0.0 0.0 13.0
0.0 0.0 13.0
0.0 0.0 13.0
0.0 0.0 13.0
0.0 0.0 13.0
0.0 0.0 13.0
0.0 0.0 13.0
0.0 0.0 13.0
0.0 0.0 13.0
0.0 0.0 12.6
0.0 0.0 12.6
0.0 0.0 12.6
0.0 0.0 12.6
0.0 0.0 12.6
0.0 0.0 12.6
0.0 0.0 12.6
0.0 0.0 12.6
0.0 0.0 12.6
0.0 0.0 12.6
0.0 0.0 12.6
0.0 0.0 12.6
0.0 0.0 12.6
0.0 0.0 12.2
0.0 0.0 12.2
0.0 0.0 12.2
0.0 0.0 12.2
0.0 0.0 12.2
0.0 0.0 12.2
0.0 0.0 12.2
0.0 0.0 12.2
0.0 0.0 12.2
0.0 0.0 12.2
0.0 0.0 12.2
0.0 0.0 12.2
0.0 0.0 12.2
0.0 0.0 14.1
0.0 0.0 14.1
0.0 0.0 14.1
0.0 0.0 14.1
0.0 0.0 14.1
0.0 0.0 14.1
0.0 0.0 14.1
1.0 0.0 14.1
0.0 1.0 14.1
0.0 0.0 14.1
0.0 1.0 14.1
0.0 0.0 14.1
0.0 0.0 14.1
0.0 0.0 25.5
0.0 0.0 25.5
0.0 0.0 25.5
0.0 0.0 25.5
0.0 0.0 25.5
0.0 0.0 25.5
0.0 0.0 25.5
0.0 0.0 25.5
0.0 0.0 25.5
0.0 0.0 25.5
0.0 0.0 25.5
0.0 0.0 25.5
0.0 0.0 25.5
0.0 0.0 12.8
0.0 0.0 12.8
0.0 0.0 12.8
0.0 0.0 12.8
0.0 0.0 12.8
0.0 0.0 12.8
0.0 0.0 12.8
0.0 0.0 12.8
0.0 0.0 12.8
0.0 0.0 12.8
0.0 0.0 12.8
0.0 0.0 12.8
0.0 0.0 12.8
0.0 0.0 14.5
0.0 0.0 14.5
0.0 0.0 14.5
0.0 0.0 14.5
0.0 0.0 14.5
0.0 0.0 14.5
0.0 0.0 14.5
0.0 0.0 14.5
0.0 0.0 14.5
0.0 0.0 14.5
0.0 0.0 14.5
0.0 0.0 14.5
0.0 0.0 14.5
0.0 0.0 11.5
0.0 0.0 11.5
0.0 0.0 11.5
0.0 0.0 11.5
0.0 0.0 11.5
0.0 0.0 11.5
0.0 0.0 11.5
0.0 0.0 11.5
0.0 0.0 11.5
0.0 0.0 11.5
0.0 0.0 11.5
0.0 0.0 11.5
0.0 0.0 11.5
0.0 0.0 13.0
0.0 0.0 13.0
0.0 0.0 13.0
0.0 0.0 13.0
0.0 0.0 13.0
0.0 0.0 13.0
0.0 0.0 13.0
0.0 0.0 13.0
0.0 0.0 13.0
0.0 0.0 13.0
0.0 0.0 13.0
0.0 0.0 13.0
0.0 0.0 13.0
0.0 0.0 13.0
0.0 0.0 13.0
0.0 0.0 13.0
0.0 0.0 13.0
0.0 0.0 13.0
0.0 0.0 13.0
0.0 0.0 13.0
0.0 0.0 13.0
Numero de Fallas:0
0.0 0.0 NaN
0.0 0.0 NaN
0.0 0.0 NaN
0.0 0.0 NaN
0.0 0.0 NaN
0.0 0.0 NaN
0.0 0.0 NaN
0.0 0.0 NaN
0.0 0.0 NaN
0.0 0.0 NaN
0.0 0.0 2.5
0.0 0.0 2.5
0.0 0.0 2.5
0.0 0.0 2.5
0.0 0.0 2.5
0.0 0.0 2.5
0.0 0.0 2.5
0.0 0.0 2.5
0.0 0.0 2.5
0.0 0.0 2.5
0.0 0.0 2.5
0.0 1.0 2.5
0.0 0.0 2.5
0.0 0.0 14.8
0.0 0.0 14.8
0.0 0.0 14.8
0.0 0.0 14.8
0.0 0.0 14.8
0.0 0.0 14.8
0.0 0.0 14.8
0.0 0.0 14.8
0.0 0.0 14.8
0.0 0.0 14.8
0.0 0.0 14.8
0.0 0.0 14.8
0.0 0.0 14.8
0.0 0.0 11.8
0.0 0.0 11.8
0.0 0.0 11.8
0.0 0.0 11.8
0.0 0.0 11.8
0.0 0.0 11.8
0.0 0.0 11.8
0.0 0.0 11.8
0.0 0.0 11.8
0.0 0.0 11.8
0.0 0.0 11.8
0.0 0.0 11.8
0.0 0.0 11.8
0.0 0.0 13.7
0.0 0.0 13.7
0.0 0.0 13.7
0.0 0.0 13.7
0.0 0.0 13.7
0.0 0.0 13.7
0.0 0.0 13.7
0.0 0.0 13.7
0.0 0.0 13.7
0.0 0.0 13.7
0.0 0.0 13.7
0.0 0.0 16.6
0.0 0.0 16.6
0.0 0.0 16.6
0.0 0.0 16.6
0.0 0.0 16.6
0.0 0.0 16.6
0.0 0.0 16.6
0.0 0.0 16.6
0.0 0.0 16.6
0.0 0.0 16.6
0.0 0.0 16.6
0.0 0.0 12.8
0.0 0.0 12.8
0.0 0.0 12.8
0.0 0.0 12.8
0.0 0.0 12.8
0.0 0.0 12.8
0.0 0.0 12.8
0.0 0.0 12.8
0.0 0.0 12.8
0.0 0.0 12.8
0.0 0.0 12.8
0.0 0.0 12.0
0.0 0.0 12.0
0.0 0.0 12.0
0.0 0.0 12.0
0.0 0.0 12.0
0.0 0.0 12.0
0.0 0.0 12.0
0.0 0.0 12.0
0.0 0.0 12.0
0.0 0.0 12.0
0.0 0.0 12.0
0.0 0.0 11.7
0.0 0.0 11.7
0.0 0.0 11.7
0.0 0.0 11.7
0.0 0.0 11.7
0.0 0.0 11.7
0.0 0.0 11.7
0.0 0.0 11.7
0.0 0.0 11.7
0.0 0.0 11.7
0.0 0.0 11.7
0.0 0.0 26.4
0.0 0.0 26.4
0.0 0.0 26.4
0.0 0.0 26.4
0.0 0.0 26.4
0.0 0.0 26.4
0.0 0.0 26.4
0.0 0.0 26.4
0.0 0.0 26.4
0.0 0.0 26.4
0.0 0.0 26.4
0.0 0.0 12.4
0.0 0.0 12.4
0.0 0.0 12.4
0.0 0.0 12.4
0.0 0.0 12.4
0.0 0.0 12.4
0.0 0.0 12.4
0.0 0.0 12.4
0.0 0.0 12.4
0.0 0.0 12.4
0.0 0.0 12.4
0.0 0.0 13.5
0.0 0.0 13.5
0.0 0.0 13.5
0.0 0.0 13.5
0.0 0.0 13.5
0.0 0.0 13.5
0.0 0.0 13.5
0.0 0.0 13.5
0.0 0.0 13.5
0.0 0.0 13.5
0.0 0.0 13.5
0.0 0.0 9.8
0.0 0.0 9.8
0.0 0.0 9.8
0.0 0.0 9.8
0.0 0.0 9.8
0.0 0.0 9.8
0.0 0.0 9.8
0.0 0.0 9.8
0.0 0.0 9.8
0.0 0.0 9.8
0.0 0.0 9.8
0.0 0.0 6.8
0.0 0.0 6.8
0.0 0.0 6.8
0.0 0.0 6.8
0.0 0.0 6.8
0.0 0.0 6.8
0.0 0.0 6.8
0.0 0.0 6.8
0.0 0.0 6.8
0.0 0.0 6.8
0.0 0.0 6.8
0.0 0.0 13.2
0.0 0.0 13.2
0.0 0.0 13.2
0.0 0.0 13.2
0.0 0.0 13.2
0.0 0.0 13.2
0.0 0.0 13.2
0.0 0.0 13.2
0.0 0.0 13.2
0.0 0.0 13.2
0.0 0.0 13.2
0.0 0.0 10.1
0.0 0.0 10.1
0.0 0.0 10.1
0.0 0.0 10.1
0.0 0.0 10.1
0.0 0.0 10.1
0.0 0.0 10.1
0.0 0.0 10.1
0.0 0.0 10.1
0.0 0.0 10.1
0.0 0.0 10.1
0.0 0.0 9.8
0.0 0.0 9.8
0.0 0.0 9.8
0.0 0.0 9.8
0.0 0.0 9.8
0.0 0.0 9.8
0.0 0.0 9.8
0.0 0.0 9.8
0.0 0.0 9.8
0.0 0.0 9.8
0.0 0.0 9.8
0.0 0.0 11.3
0.0 0.0 11.3
0.0 0.0 11.3
0.0 0.0 11.3
0.0 0.0 11.3
0.0 0.0 11.3
0.0 0.0 11.3
0.0 0.0 11.3
Numero de Fallas:0
0.0 0.0 0.0
0.0 0.0 0.0
0.0 0.0 0.0
0.0 0.0 0.0
0.0 0.0 0.0
0.0 0.0 0.0
0.0 0.0 0.0
0.0 0.0 0.0
0.0 0.0 0.0
0.0 0.0 0.0
0.0 0.0 0.0
0.0 0.0 0.0
0.0 0.0 0.0
0.0 0.0 0.0
0.0 0.0 0.0
0.0 0.0 0.0
0.0 0.0 0.0
0.0 0.0 0.0
0.0 0.0 0.0
0.0 0.0 0.0
0.0 0.0 14.1
0.0 0.0 14.1
0.0 0.0 14.1
0.0 0.0 14.1
0.0 0.0 14.1
0.0 0.0 14.1
0.0 0.0 14.1
0.0 0.0 14.1
0.0 0.0 14.1
0.0 0.0 14.1
0.0 0.0 14.1
0.0 0.0 8.1
0.0 0.0 8.1
0.0 0.0 8.1
0.0 0.0 8.1
0.0 0.0 8.1
0.0 0.0 8.1
0.0 0.0 8.1
0.0 0.0 8.1
0.0 0.0 8.1
0.0 0.0 8.1
0.0 0.0 8.1
0.0 0.0 8.5
0.0 0.0 8.5
0.0 0.0 8.5
0.0 0.0 8.5
0.0 0.0 8.5
0.0 0.0 8.5
0.0 0.0 8.5
0.0 0.0 8.5
0.0 0.0 8.5
0.0 0.0 8.5
0.0 0.0 8.5
0.0 0.0 10.7
0.0 0.0 10.7
0.0 0.0 10.7
0.0 0.0 10.7
0.0 0.0 10.7
0.0 0.0 10.7
0.0 0.0 10.7
0.0 0.0 10.7
0.0 0.0 10.7
0.0 0.0 10.7
0.0 0.0 10.7
0.0 0.0 9.2
0.0 0.0 9.2
0.0 0.0 9.2
0.0 0.0 9.2
0.0 0.0 9.2
0.0 0.0 9.2
0.0 0.0 9.2
0.0 0.0 9.2
0.0 0.0 9.2
0.0 0.0 9.2
0.0 0.0 9.2
0.0 0.0 10.0
0.0 0.0 10.0
0.0 0.0 10.0
0.0 0.0 10.0
0.0 0.0 10.0
0.0 0.0 10.0
0.0 0.0 10.0
0.0 0.0 10.0
0.0 0.0 10.0
0.0 0.0 10.0
0.0 0.0 10.0
0.0 0.0 8.5
0.0 0.0 8.5
0.0 0.0 8.5
0.0 0.0 8.5
0.0 0.0 8.5
0.0 0.0 8.5
0.0 0.0 8.5
0.0 0.0 8.5
0.0 0.0 8.5
0.0 0.0 8.5
0.0 0.0 8.5
0.0 0.0 13.0
0.0 0.0 13.0
0.0 0.0 13.0
0.0 0.0 13.0
0.0 0.0 13.0
0.0 0.0 13.0
0.0 0.0 13.0
0.0 0.0 13.0
0.0 0.0 13.0
0.0 0.0 13.0
0.0 0.0 13.0
0.0 0.0 7.7
0.0 0.0 7.7
0.0 0.0 7.7
0.0 0.0 7.7
0.0 0.0 7.7
0.0 0.0 7.7
0.0 0.0 7.7
0.0 0.0 7.7
0.0 0.0 7.7
0.0 0.0 7.7
0.0 0.0 7.7
0.0 0.0 11.5
0.0 0.0 11.5
0.0 0.0 11.5
0.0 0.0 11.5
0.0 0.0 11.5
0.0 0.0 11.5
0.0 0.0 11.5
0.0 0.0 11.5
0.0 0.0 11.5
0.0 0.0 11.5
0.0 0.0 11.5
0.0 0.0 8.5
0.0 0.0 8.5
0.0 0.0 8.5
0.0 0.0 8.5
0.0 0.0 8.5
0.0 0.0 8.5
0.0 0.0 8.5
0.0 0.0 8.5
0.0 0.0 8.5
0.0 0.0 8.5
0.0 0.0 8.5
0.0 0.0 8.4
0.0 0.0 8.4
0.0 0.0 8.4
0.0 0.0 8.4
0.0 0.0 8.4
0.0 0.0 8.4
0.0 0.0 8.4
0.0 0.0 8.4
0.0 0.0 8.4
0.0 0.0 8.4
0.0 0.0 8.4
0.0 0.0 20.9
0.0 0.0 20.9
0.0 0.0 20.9
0.0 0.0 20.9
0.0 0.0 20.9
0.0 0.0 20.9
0.0 0.0 20.9
0.0 0.0 20.9
0.0 0.0 20.9
0.0 0.0 20.9
0.0 0.0 20.9
0.0 0.0 13.8
0.0 0.0 13.8
0.0 0.0 13.8
0.0 0.0 13.8
0.0 0.0 13.8
0.0 0.0 13.8
0.0 0.0 13.8
0.0 0.0 13.8
0.0 0.0 13.8
0.0 0.0 13.8
0.0 0.0 13.8
0.0 0.0 3.5
0.0 0.0 3.5
0.0 0.0 3.5
0.0 0.0 3.5
0.0 0.0 3.5
0.0 0.0 3.5
0.0 0.0 3.5
0.0 0.0 3.5
0.0 0.0 3.5
0.0 0.0 3.5
0.0 0.0 3.5
0.0 0.0 8.8
0.0 0.0 8.8
0.0 0.0 8.8
0.0 0.0 8.8
0.0 0.0 8.8
0.0 0.0 8.8
0.0 0.0 8.8
0.0 0.0 8.8
0.0 0.0 8.8
0.0 0.0 8.8
0.0 0.0 8.8
0.0 0.0 10.7
0.0 0.0 10.7
0.0 0.0 10.7
0.0 0.0 10.7
Numero de Fallas:0
0.0 0.0 0.0
0.0 0.0 0.0
0.0 0.0 0.0
0.0 0.0 0.0
0.0 0.0 0.0
0.0 0.0 0.0
0.0 0.0 0.0
0.0 0.0 0.0
0.0 0.0 0.0
0.0 0.0 0.0
0.0 0.0 0.0
0.0 0.0 0.0
0.0 0.0 0.0
0.0 0.0 0.0
0.0 0.0 0.0
0.0 0.0 0.0
0.0 0.0 0.0
0.0 0.0 0.0
0.0 0.0 0.0
0.0 0.0 0.0
0.0 0.0 12.2
0.0 0.0 12.2
0.0 0.0 12.2
0.0 0.0 12.2
0.0 0.0 12.2
0.0 0.0 12.2
0.0 0.0 12.2
0.0 0.0 12.2
0.0 0.0 12.2
0.0 0.0 12.2
0.0 0.0 12.2
0.0 0.0 11.9
0.0 0.0 11.9
0.0 0.0 11.9
0.0 0.0 11.9
0.0 0.0 11.9
0.0 0.0 11.9
0.0 0.0 11.9
0.0 0.0 11.9
0.0 0.0 11.9
0.0 0.0 11.9
0.0 0.0 11.9
0.0 0.0 11.5
0.0 0.0 11.5
0.0 0.0 11.5
0.0 0.0 11.5
0.0 0.0 11.5
0.0 0.0 11.5
0.0 0.0 11.5
0.0 0.0 11.5
0.0 0.0 11.5
0.0 0.0 11.5
0.0 0.0 11.5
0.0 0.0 13.4
0.0 0.0 13.4
0.0 0.0 13.4
0.0 0.0 13.4
0.0 0.0 13.4
0.0 0.0 13.4
0.0 0.0 13.4
0.0 0.0 13.4
0.0 0.0 13.4
0.0 0.0 13.4
0.0 0.0 13.4
0.0 0.0 13.4
0.0 0.0 13.4
0.0 0.0 13.4
0.0 0.0 13.4
0.0 0.0 13.4
0.0 0.0 13.4
0.0 0.0 13.4
0.0 0.0 13.4
0.0 0.0 13.4
0.0 0.0 13.4
0.0 0.0 13.4
0.0 0.0 10.4
0.0 0.0 10.4
0.0 0.0 10.4
0.0 0.0 10.4
0.0 0.0 10.4
0.0 0.0 10.4
0.0 0.0 10.4
0.0 0.0 10.4
0.0 0.0 10.4
0.0 0.0 10.4
0.0 0.0 10.4
0.0 0.0 8.8
0.0 0.0 8.8
0.0 0.0 8.8
0.0 0.0 8.8
0.0 0.0 8.8
0.0 0.0 8.8
0.0 0.0 8.8
0.0 0.0 8.8
0.0 0.0 8.8
0.0 0.0 8.8
0.0 0.0 8.8
0.0 0.0 11.5
0.0 0.0 11.5
0.0 0.0 11.5
0.0 0.0 11.5
0.0 0.0 11.5
0.0 0.0 11.5
0.0 0.0 11.5
0.0 0.0 11.5
0.0 0.0 11.5
0.0 0.0 11.5
0.0 0.0 11.5
0.0 0.0 10.7
0.0 0.0 10.7
0.0 0.0 10.7
0.0 0.0 10.7
0.0 0.0 10.7
0.0 0.0 10.7
0.0 0.0 10.7
0.0 0.0 10.7
0.0 0.0 10.7
0.0 0.0 10.7
0.0 0.0 10.7
0.0 0.0 11.5
0.0 0.0 11.5
0.0 0.0 11.5
0.0 0.0 11.5
0.0 0.0 11.5
0.0 0.0 11.5
0.0 0.0 11.5
0.0 0.0 11.5
0.0 0.0 11.5
0.0 0.0 11.5
0.0 0.0 11.5
0.0 0.0 10.7
0.0 0.0 10.7
0.0 0.0 10.7
0.0 0.0 10.7
0.0 0.0 10.7
0.0 0.0 10.7
0.0 0.0 10.7
0.0 0.0 10.7
0.0 0.0 10.7
0.0 0.0 10.7
0.0 0.0 10.7
0.0 0.0 12.2
0.0 0.0 12.2
0.0 0.0 12.2
0.0 0.0 12.2
0.0 0.0 12.2
0.0 0.0 12.2
0.0 0.0 12.2
0.0 0.0 12.2
0.0 0.0 12.2
0.0 0.0 12.2
0.0 0.0 12.2
0.0 0.0 10.0
0.0 0.0 10.0
0.0 0.0 10.0
0.0 0.0 10.0
0.0 0.0 10.0
0.0 0.0 10.0
0.0 0.0 10.0
0.0 0.0 10.0
0.0 0.0 10.0
0.0 0.0 10.0
0.0 0.0 10.0
0.0 0.0 9.6
0.0 0.0 9.6
0.0 0.0 9.6
0.0 0.0 9.6
0.0 0.0 9.6
0.0 0.0 9.6
0.0 0.0 9.6
0.0 0.0 9.6
0.0 0.0 9.6
0.0 0.0 9.6
0.0 0.0 9.6
0.0 0.0 9.2
0.0 0.0 9.2
0.0 0.0 9.2
0.0 0.0 9.2
0.0 0.0 9.2
0.0 0.0 9.2
0.0 0.0 9.2
0.0 0.0 9.2
0.0 0.0 9.2
0.0 0.0 9.2
0.0 0.0 9.2
0.0 0.0 12.2
0.0 0.0 12.2
0.0 0.0 12.2
0.0 0.0 12.2
0.0 0.0 12.2
0.0 0.0 12.2
0.0 0.0 12.2
0.0 0.0 12.2
0.0 0.0 12.2
0.0 0.0 12.2
0.0 0.0 12.2
0.0 0.0 13.8
0.0 0.0 13.8
0.0 0.0 13.8
0.0 0.0 13.8
Numero de Fallas:0
0.0 0.0 0.0
0.0 0.0 0.0
0.0 0.0 0.0
0.0 0.0 0.0
0.0 0.0 0.0
0.0 0.0 0.0
0.0 0.0 0.0
0.0 0.0 0.0
0.0 0.0 0.0
0.0 0.0 0.0
0.0 0.0 0.0
0.0 0.0 0.0
0.0 0.0 0.0
0.0 0.0 0.0
0.0 0.0 0.0
0.0 0.0 0.0
0.0 0.0 0.0
0.0 0.0 0.0
0.0 0.0 0.0
0.0 0.0 0.0
0.0 0.0 15.0
0.0 0.0 15.0
0.0 0.0 15.0
0.0 0.0 15.0
0.0 0.0 15.0
0.0 0.0 15.0
0.0 0.0 15.0
0.0 0.0 15.0
0.0 0.0 15.0
0.0 0.0 15.0
0.0 0.0 15.0
0.0 0.0 23.4
0.0 0.0 23.4
0.0 0.0 23.4
0.0 0.0 23.4
0.0 0.0 23.4
0.0 0.0 23.4
0.0 0.0 23.4
0.0 0.0 23.4
0.0 0.0 23.4
0.0 0.0 23.4
0.0 0.0 23.4
0.0 0.0 11.9
0.0 0.0 11.9
0.0 0.0 11.9
0.0 0.0 11.9
0.0 0.0 11.9
0.0 0.0 11.9
0.0 0.0 11.9
0.0 0.0 11.9
0.0 0.0 11.9
0.0 0.0 11.9
0.0 0.0 11.9
0.0 0.0 12.6
0.0 0.0 12.6
0.0 0.0 12.6
0.0 0.0 12.6
0.0 0.0 12.6
0.0 0.0 12.6
0.0 0.0 12.6
0.0 0.0 12.6
0.0 0.0 12.6
0.0 0.0 12.6
0.0 0.0 12.6
0.0 0.0 9.6
0.0 0.0 9.6
0.0 0.0 9.6
0.0 0.0 9.6
0.0 0.0 9.6
0.0 0.0 9.6
0.0 0.0 9.6
0.0 0.0 9.6
0.0 0.0 9.6
0.0 0.0 9.6
0.0 0.0 9.6
0.0 0.0 7.7
0.0 0.0 7.7
0.0 0.0 7.7
0.0 0.0 7.7
0.0 0.0 7.7
0.0 0.0 7.7
0.0 0.0 7.7
0.0 0.0 7.7
0.0 0.0 7.7
0.0 0.0 7.7
0.0 0.0 7.7
0.0 0.0 12.2
0.0 0.0 12.2
0.0 0.0 12.2
0.0 0.0 12.2
0.0 0.0 12.2
0.0 0.0 12.2
0.0 0.0 12.2
0.0 0.0 12.2
0.0 0.0 12.2
0.0 0.0 12.2
0.0 0.0 12.2
0.0 0.0 12.6
0.0 0.0 12.6
0.0 0.0 12.6
0.0 0.0 12.6
0.0 0.0 12.6
0.0 0.0 12.6
0.0 0.0 12.6
0.0 0.0 12.6
0.0 0.0 12.6
0.0 0.0 12.6
0.0 0.0 12.6
0.0 0.0 8.5
0.0 0.0 8.5
0.0 0.0 8.5
0.0 0.0 8.5
0.0 0.0 8.5
0.0 0.0 8.5
0.0 0.0 8.5
0.0 0.0 8.5
0.0 0.0 8.5
0.0 0.0 8.5
0.0 0.0 8.5
0.0 0.0 11.9
0.0 0.0 11.9
0.0 0.0 11.9
0.0 0.0 11.9
0.0 0.0 11.9
0.0 0.0 11.9
0.0 0.0 11.9
0.0 0.0 11.9
0.0 0.0 11.9
0.0 0.0 11.9
0.0 0.0 11.9
0.0 0.0 13.0
0.0 0.0 13.0
0.0 0.0 13.0
0.0 0.0 13.0
0.0 0.0 13.0
0.0 0.0 13.0
0.0 0.0 13.0
0.0 0.0 13.0
0.0 0.0 13.0
0.0 0.0 13.0
0.0 0.0 13.0
0.0 0.0 11.9
0.0 0.0 11.9
0.0 0.0 11.9
0.0 0.0 11.9
0.0 0.0 11.9
0.0 0.0 11.9
0.0 0.0 11.9
0.0 0.0 11.9
0.0 0.0 11.9
0.0 0.0 11.9
0.0 0.0 11.9
0.0 0.0 11.5
0.0 0.0 11.5
0.0 0.0 11.5
0.0 0.0 11.5
0.0 0.0 11.5
0.0 0.0 11.5
0.0 0.0 11.5
0.0 0.0 11.5
0.0 0.0 11.5
0.0 0.0 11.5
0.0 0.0 11.5
0.0 0.0 11.5
0.0 0.0 11.5
0.0 0.0 11.5
0.0 0.0 11.5
0.0 0.0 11.5
0.0 0.0 11.5
0.0 0.0 11.5
0.0 0.0 11.5
0.0 0.0 11.5
0.0 0.0 11.5
0.0 0.0 11.5
0.0 0.0 25.5
0.0 0.0 25.5
0.0 0.0 25.5
0.0 0.0 25.5
0.0 0.0 25.5
0.0 0.0 25.5
0.0 0.0 25.5
0.0 0.0 25.5
0.0 0.0 25.5
0.0 0.0 25.5
0.0 0.0 25.5
0.0 0.0 12.2
0.0 0.0 12.2
0.0 0.0 12.2
0.0 0.0 12.2
0.0 0.0 12.2
0.0 0.0 12.2
0.0 0.0 12.2
0.0 0.0 12.2
0.0 0.0 12.2
0.0 0.0 12.2
0.0 0.0 12.2
0.0 0.0 11.9
0.0 0.0 11.9
0.0 0.0 11.9
0.0 0.0 11.9
Numero de Fallas:0
0.0 0.0 0.0
0.0 0.0 0.0
0.0 0.0 0.0
0.0 0.0 0.0
0.0 0.0 0.0
0.0 0.0 0.0
0.0 0.0 0.0
0.0 0.0 0.0
0.0 0.0 0.0
0.0 0.0 0.0
0.0 0.0 0.0
0.0 0.0 0.0
0.0 0.0 0.0
0.0 0.0 0.0
0.0 0.0 0.0
0.0 0.0 0.0
0.0 0.0 0.0
0.0 0.0 0.0
0.0 0.0 0.0
0.0 0.0 0.0
0.0 0.0 12.6
0.0 0.0 12.6
0.0 0.0 12.6
0.0 0.0 12.6
0.0 0.0 12.6
0.0 0.0 12.6
0.0 0.0 12.6
0.0 0.0 12.6
0.0 0.0 12.6
0.0 0.0 12.6
0.0 0.0 12.6
0.0 0.0 12.2
0.0 0.0 12.2
0.0 0.0 12.2
0.0 0.0 12.2
0.0 0.0 12.2
0.0 0.0 12.2
0.0 0.0 12.2
0.0 0.0 12.2
0.0 0.0 12.2
0.0 0.0 12.2
0.0 0.0 12.2
0.0 0.0 12.6
0.0 0.0 12.6
0.0 0.0 12.6
0.0 0.0 12.6
0.0 0.0 12.6
0.0 0.0 12.6
0.0 0.0 12.6
0.0 0.0 12.6
0.0 0.0 12.6
0.0 0.0 12.6
0.0 0.0 12.6
0.0 0.0 12.2
0.0 0.0 12.2
0.0 0.0 12.2
0.0 0.0 12.2
0.0 0.0 12.2
0.0 0.0 12.2
0.0 0.0 12.2
0.0 0.0 12.2
0.0 0.0 12.2
0.0 0.0 12.2
0.0 0.0 12.2
0.0 0.0 13.0
0.0 0.0 13.0
0.0 0.0 13.0
0.0 0.0 13.0
0.0 0.0 13.0
0.0 0.0 13.0
0.0 0.0 13.0
0.0 0.0 13.0
0.0 0.0 13.0
0.0 0.0 13.0
0.0 0.0 13.0
0.0 0.0 12.6
0.0 0.0 12.6
0.0 0.0 12.6
0.0 0.0 12.6
0.0 0.0 12.6
0.0 0.0 12.6
0.0 0.0 12.6
0.0 0.0 12.6
0.0 0.0 12.6
0.0 0.0 12.6
0.0 0.0 12.6
0.0 0.0 13.8
0.0 0.0 13.8
0.0 0.0 13.8
0.0 0.0 13.8
0.0 0.0 13.8
0.0 0.0 13.8
0.0 0.0 13.8
0.0 0.0 13.8
0.0 0.0 13.8
0.0 0.0 13.8
0.0 0.0 13.8
0.0 0.0 11.1
0.0 0.0 11.1
0.0 0.0 11.1
0.0 0.0 11.1
0.0 0.0 11.1
0.0 0.0 11.1
0.0 0.0 11.1
0.0 0.0 11.1
0.0 0.0 11.1
0.0 0.0 11.1
0.0 0.0 11.1
0.0 0.0 10.4
0.0 0.0 10.4
0.0 0.0 10.4
0.0 0.0 10.4
0.0 0.0 10.4
0.0 0.0 10.4
0.0 0.0 10.4
0.0 0.0 10.4
0.0 0.0 10.4
0.0 0.0 10.4
0.0 0.0 10.4
0.0 0.0 12.6
0.0 0.0 12.6
0.0 0.0 12.6
0.0 0.0 12.6
0.0 0.0 12.6
0.0 0.0 12.6
0.0 0.0 12.6
0.0 0.0 12.6
0.0 0.0 12.6
0.0 0.0 12.6
0.0 0.0 12.6
0.0 0.0 8.1
0.0 0.0 8.1
0.0 0.0 8.1
0.0 0.0 8.1
0.0 0.0 8.1
0.0 0.0 8.1
0.0 0.0 8.1
0.0 0.0 8.1
0.0 0.0 8.1
0.0 0.0 8.1
0.0 0.0 8.1
0.0 0.0 9.2
0.0 0.0 9.2
0.0 0.0 9.2
0.0 0.0 9.2
0.0 0.0 9.2
0.0 0.0 9.2
0.0 0.0 9.2
0.0 0.0 9.2
0.0 0.0 9.2
0.0 0.0 9.2
0.0 0.0 9.2
0.0 0.0 10.7
0.0 0.0 10.7
0.0 0.0 10.7
0.0 0.0 10.7
0.0 0.0 10.7
0.0 0.0 10.7
0.0 0.0 10.7
0.0 0.0 10.7
0.0 0.0 10.7
0.0 0.0 10.7
0.0 0.0 10.7
0.0 0.0 10.0
0.0 0.0 10.0
0.0 0.0 10.0
0.0 0.0 10.0
0.0 0.0 10.0
0.0 0.0 10.0
0.0 0.0 10.0
0.0 0.0 10.0
0.0 0.0 10.0
0.0 0.0 10.0
0.0 0.0 10.0
0.0 0.0 11.5
0.0 0.0 11.5
0.0 0.0 11.5
0.0 0.0 11.5
0.0 0.0 11.5
0.0 0.0 11.5
0.0 0.0 11.5
0.0 0.0 11.5
0.0 0.0 11.5
0.0 0.0 11.5
0.0 0.0 11.5
0.0 0.0 10.4
0.0 0.0 10.4
0.0 0.0 10.4
0.0 0.0 10.4
0.0 0.0 10.4
0.0 0.0 10.4
0.0 0.0 10.4
0.0 0.0 10.4
0.0 0.0 10.4
0.0 0.0 10.4
0.0 0.0 10.4
0.0 0.0 10.7
0.0 0.0 10.7
0.0 0.0 10.7
0.0 0.0 10.7
Numero de Fallas:0
0.0 0.0 0.0
0.0 0.0 0.0
0.0 0.0 0.0
0.0 0.0 0.0
0.0 0.0 0.0
0.0 0.0 0.0
0.0 0.0 0.0
0.0 0.0 0.0
0.0 0.0 0.0
0.0 0.0 0.0
0.0 0.0 0.0
0.0 0.0 0.0
0.0 0.0 0.0
0.0 0.0 0.0
0.0 0.0 0.0
0.0 0.0 0.0
0.0 0.0 0.0
0.0 0.0 0.0
0.0 0.0 0.0
0.0 0.0 0.0
0.0 0.0 0.0
0.0 0.0 14.0
0.0 0.0 14.0
0.0 0.0 14.0
0.0 0.0 14.0
0.0 0.0 14.0
0.0 0.0 14.0
0.0 0.0 14.0
0.0 0.0 14.0
0.0 0.0 14.0
0.0 0.0 14.0
0.0 0.0 14.0
0.0 0.0 9.6
0.0 0.0 9.6
0.0 0.0 9.6
0.0 0.0 9.6
0.0 0.0 9.6
0.0 0.0 9.6
0.0 0.0 9.6
0.0 0.0 9.6
0.0 0.0 9.6
0.0 0.0 9.6
0.0 0.0 9.6
0.0 0.0 8.5
0.0 0.0 8.5
0.0 0.0 8.5
0.0 0.0 8.5
0.0 0.0 8.5
0.0 0.0 8.5
0.0 0.0 8.5
0.0 0.0 8.5
0.0 0.0 8.5
0.0 0.0 8.5
0.0 0.0 8.5
0.0 0.0 22.4
0.0 0.0 22.4
0.0 0.0 22.4
0.0 0.0 22.4
0.0 0.0 22.4
0.0 0.0 22.4
0.0 0.0 22.4
0.0 0.0 22.4
0.0 0.0 22.4
0.0 0.0 22.4
0.0 0.0 22.4
0.0 0.0 11.5
0.0 0.0 11.5
0.0 0.0 11.5
0.0 0.0 11.5
0.0 0.0 11.5
0.0 0.0 11.5
0.0 0.0 11.5
0.0 0.0 11.5
0.0 0.0 11.5
0.0 0.0 11.5
0.0 0.0 11.5
0.0 0.0 9.2
0.0 0.0 9.2
0.0 0.0 9.2
0.0 0.0 9.2
0.0 0.0 9.2
0.0 0.0 9.2
0.0 0.0 9.2
0.0 0.0 9.2
0.0 0.0 9.2
0.0 0.0 9.2
0.0 0.0 9.2
0.0 0.0 6.9
0.0 0.0 6.9
0.0 0.0 6.9
0.0 0.0 6.9
0.0 0.0 6.9
0.0 0.0 6.9
0.0 0.0 6.9
0.0 0.0 6.9
0.0 0.0 6.9
0.0 0.0 6.9
0.0 0.0 6.9
0.0 0.0 8.5
0.0 0.0 8.5
0.0 0.0 8.5
0.0 0.0 8.5
0.0 0.0 8.5
0.0 0.0 8.5
0.0 0.0 8.5
0.0 0.0 8.5
0.0 0.0 8.5
0.0 0.0 8.5
0.0 0.0 8.5
0.0 0.0 10.0
0.0 0.0 10.0
0.0 0.0 10.0
0.0 0.0 10.0
0.0 0.0 10.0
0.0 0.0 10.0
0.0 0.0 10.0
0.0 0.0 10.0
0.0 0.0 10.0
0.0 0.0 10.0
0.0 0.0 10.0
0.0 0.0 6.2
0.0 0.0 6.2
0.0 0.0 6.2
0.0 0.0 6.2
0.0 0.0 6.2
0.0 0.0 6.2
0.0 0.0 6.2
0.0 0.0 6.2
0.0 0.0 6.2
0.0 0.0 6.2
0.0 0.0 6.2
0.0 0.0 12.7
0.0 0.0 12.7
0.0 0.0 12.7
0.0 0.0 12.7
0.0 0.0 12.7
0.0 0.0 12.7
0.0 0.0 12.7
0.0 0.0 12.7
0.0 0.0 12.7
0.0 0.0 12.7
0.0 0.0 12.7
0.0 0.0 12.6
0.0 0.0 12.6
0.0 0.0 12.6
0.0 0.0 12.6
0.0 0.0 12.6
0.0 0.0 12.6
0.0 0.0 12.6
0.0 0.0 12.6
0.0 0.0 12.6
0.0 0.0 12.6
0.0 0.0 12.6
0.0 0.0 8.8
0.0 0.0 8.8
0.0 0.0 8.8
0.0 0.0 8.8
0.0 0.0 8.8
0.0 0.0 8.8
0.0 0.0 8.8
0.0 0.0 8.8
0.0 0.0 8.8
0.0 0.0 8.8
0.0 0.0 8.8
0.0 0.0 12.6
0.0 0.0 12.6
0.0 0.0 12.6
0.0 0.0 12.6
0.0 0.0 12.6
0.0 0.0 12.6
0.0 0.0 12.6
0.0 0.0 12.6
0.0 0.0 12.6
0.0 0.0 12.6
0.0 0.0 12.6
0.0 0.0 5.4
0.0 0.0 5.4
0.0 0.0 5.4
0.0 0.0 5.4
0.0 0.0 5.4
0.0 0.0 5.4
0.0 0.0 5.4
0.0 0.0 5.4
0.0 0.0 5.4
0.0 0.0 5.4
0.0 0.0 5.4
0.0 0.0 11.9
0.0 0.0 11.9
0.0 0.0 11.9
0.0 0.0 11.9
0.0 0.0 11.9
0.0 0.0 11.9
0.0 0.0 11.9
0.0 0.0 11.9
0.0 0.0 11.9
0.0 0.0 11.9
0.0 0.0 11.9
0.0 0.0 13.8
0.0 0.0 13.8
0.0 0.0 13.8
Numero de Fallas:0