
0.0 0.0 0.0
0.0 0.0 0.0
0.0 0.0 0.0
0.0 0.0 0.0
0.0 0.0 0.0
0.0 0.0 0.0
0.0 0.0 0.0
0.0 0.0 0.0
0.0 0.0 0.0
0.0 0.0 0.0
0.0 0.0 0.0
0.0 0.0 0.0
0.0 0.0 0.0
0.0 0.0 0.0
0.0 0.0 0.0
0.0 0.0 0.0
0.0 0.0 0.0
0.0 0.0 0.0
0.0 0.0 0.0
0.0 0.0 0.0
0.0 0.0 0.0
0.0 0.0 0.0
0.0 0.0 0.0
0.0 0.0 0.0
0.0 0.0 0.0
0.0 0.0 0.0
0.0 0.0 0.0
0.0 0.0 0.0
0.0 0.0 0.0
0.0 0.0 16.4
0.0 0.0 16.4
0.0 0.0 16.4
0.0 0.0 16.4
0.0 0.0 16.4
0.0 0.0 16.4
0.0 0.0 16.4
0.0 0.0 16.4
0.0 0.0 16.4
0.0 0.0 16.4
0.0 0.0 16.4
0.0 0.0 16.4
0.0 0.0 16.4
0.0 0.0 16.4
0.0 0.0 16.4
0.0 0.0 16.4
0.0 0.0 16.4
0.0 0.0 13.0
0.0 0.0 13.0
0.0 0.0 13.0
0.0 0.0 13.0
0.0 0.0 13.0
0.0 0.0 13.0
0.0 0.0 13.0
0.0 0.0 13.0
0.0 0.0 13.0
0.0 0.0 13.0
0.0 0.0 13.0
0.0 0.0 13.0
0.0 0.0 13.0
0.0 0.0 13.0
0.0 0.0 13.0
0.0 0.0 13.0
0.0 0.0 13.0
0.0 0.0 19.2
0.0 0.0 19.2
0.0 0.0 19.2
0.0 0.0 19.2
0.0 0.0 19.2
0.0 0.0 19.2
0.0 0.0 19.2
0.0 0.0 19.2
0.0 0.0 19.2
0.0 0.0 19.2
0.0 0.0 19.2
0.0 0.0 19.2
0.0 0.0 19.2
0.0 0.0 19.2
0.0 0.0 19.2
0.0 0.0 19.2
0.0 0.0 15.4
0.0 0.0 15.4
0.0 0.0 15.4
0.0 0.0 15.4
0.0 0.0 15.4
0.0 0.0 15.4
0.0 0.0 15.4
0.0 0.0 15.4
0.0 0.0 15.4
0.0 0.0 15.4
0.0 0.0 15.4
0.0 0.0 15.4
0.0 0.0 15.4
0.0 0.0 15.4
0.0 0.0 15.4
0.0 0.0 15.4
0.0 0.0 15.4
0.0 0.0 12.6
0.0 0.0 12.6
0.0 0.0 12.6
0.0 0.0 12.6
0.0 0.0 12.6
0.0 0.0 12.6
0.0 0.0 12.6
0.0 0.0 12.6
0.0 0.0 12.6
0.0 0.0 12.6
0.0 0.0 12.6
0.0 0.0 12.6
0.0 0.0 12.6
0.0 0.0 12.6
0.0 0.0 12.6
0.0 0.0 12.6
0.0 0.0 12.6
0.0 0.0 13.0
0.0 0.0 13.0
0.0 0.0 13.0
0.0 0.0 13.0
0.0 0.0 13.0
0.0 0.0 13.0
0.0 0.0 13.0
0.0 0.0 13.0
0.0 0.0 13.0
0.0 0.0 13.0
0.0 0.0 13.0
0.0 0.0 13.0
0.0 0.0 13.0
0.0 0.0 13.0
0.0 0.0 13.0
0.0 0.0 13.0
0.0 0.0 0.9
0.0 0.0 0.9
0.0 0.0 0.9
0.0 0.0 0.9
0.0 0.0 0.9
0.0 0.0 0.9
0.0 0.0 0.9
0.0 0.0 0.9
0.0 0.0 0.9
0.0 0.0 0.9
0.0 0.0 0.9
0.0 0.0 0.9
0.0 0.0 0.9
0.0 0.0 0.9
0.0 0.0 0.9
0.0 0.0 0.9
0.0 0.0 0.9
0.0 0.0 3.4
0.0 0.0 3.4
0.0 0.0 3.4
0.0 0.0 3.4
0.0 0.0 3.4
0.0 0.0 3.4
0.0 0.0 3.4
0.0 0.0 3.4
0.0 0.0 3.4
0.0 0.0 3.4
0.0 0.0 3.4
0.0 0.0 3.4
0.0 0.0 3.4
0.0 0.0 3.4
0.0 0.0 3.4
0.0 0.0 3.4
0.0 0.0 3.4
0.0 0.0 0.0
0.0 0.0 0.0
0.0 0.0 0.0
0.0 0.0 0.0
0.0 0.0 0.0
0.0 0.0 0.0
0.0 0.0 0.0
0.0 0.0 0.0
0.0 0.0 0.0
0.0 0.0 0.0
0.0 0.0 0.0
0.0 0.0 0.0
0.0 0.0 0.0
0.0 0.0 0.0
0.0 0.0 0.0
0.0 0.0 0.0
0.0 0.0 0.0
0.0 0.0 0.0
0.0 0.0 20.2
0.0 0.0 20.2
0.0 0.0 20.2
0.0 0.0 20.2
0.0 0.0 20.2
0.0 0.0 20.2
0.0 0.0 20.2
0.0 0.0 20.2
0.0 0.0 20.2
0.0 0.0 20.2
0.0 0.0 20.2
0.0 0.0 20.2
0.0 0.0 20.2
0.0 0.0 20.2
0.0 0.0 20.2
0.0 0.0 20.2
0.0 0.0 20.2
0.0 0.0 13.1
0.0 0.0 13.1
0.0 0.0 13.1
0.0 0.0 13.1
0.0 0.0 13.1
0.0 0.0 13.1
0.0 0.0 13.1
0.0 0.0 13.1
0.0 0.0 13.1
0.0 0.0 13.1
0.0 0.0 13.1
0.0 0.0 13.1
0.0 0.0 13.1
0.0 0.0 13.1
0.0 0.0 13.1
0.0 0.0 13.1
0.0 0.0 13.1
0.0 0.0 12.4
0.0 0.0 12.4
0.0 0.0 12.4
0.0 0.0 12.4
0.0 0.0 12.4
0.0 0.0 12.4
0.0 0.0 12.4
0.0 0.0 12.4
0.0 0.0 12.4
0.0 0.0 12.4
0.0 0.0 12.4
0.0 0.0 12.4
0.0 0.0 12.4
0.0 0.0 12.4
0.0 0.0 12.4
0.0 0.0 12.4
0.0 0.0 11.2
0.0 0.0 11.2
0.0 0.0 11.2
0.0 0.0 11.2
0.0 0.0 11.2
0.0 0.0 11.2
0.0 0.0 11.2
0.0 0.0 11.2
0.0 0.0 11.2
0.0 0.0 11.2
0.0 0.0 11.2
0.0 0.0 11.2
0.0 0.0 11.2
0.0 0.0 11.2
0.0 0.0 11.2
0.0 0.0 11.2
0.0 0.0 11.2
0.0 0.0 11.7
0.0 0.0 11.7
0.0 0.0 11.7
0.0 0.0 11.7
0.0 0.0 11.7
0.0 0.0 11.7
0.0 0.0 11.7
0.0 0.0 11.7
0.0 0.0 11.7
0.0 0.0 11.7
0.0 0.0 11.7
0.0 0.0 11.7
0.0 0.0 11.7
0.0 0.0 11.7
0.0 0.0 11.7
15.0 0.0 11.7
0.0 0.0 3.1
0.0 0.0 3.1
0.0 0.0 3.1
0.0 0.0 3.1
0.0 0.0 3.1
0.0 0.0 3.1
0.0 0.0 3.1
0.0 0.0 3.1
0.0 0.0 3.1
0.0 0.0 3.1
0.0 0.0 3.1
0.0 0.0 3.1
0.0 0.0 3.1
0.0 0.0 3.1
0.0 0.0 3.1
0.0 0.0 3.1
0.0 0.0 3.1
0.0 0.0 25.0
0.0 0.0 25.0
0.0 0.0 25.0
0.0 0.0 25.0
0.0 0.0 25.0
0.0 0.0 25.0
0.0 0.0 25.0
0.0 0.0 25.0
0.0 0.0 25.0
0.0 0.0 25.0
0.0 0.0 25.0
0.0 0.0 25.0
0.0 0.0 25.0
0.0 0.0 25.0
0.0 0.0 25.0
0.0 0.0 25.0
0.0 0.0 25.0
0.0 0.0 10.1
0.0 0.0 10.1
0.0 0.0 10.1
0.0 0.0 10.1
0.0 0.0 10.1
0.0 0.0 10.1
0.0 0.0 10.1
0.0 0.0 10.1
0.0 0.0 10.1
0.0 0.0 10.1
0.0 0.0 10.1
0.0 0.0 10.1
0.0 0.0 10.1
0.0 0.0 10.1
0.0 0.0 10.1
0.0 0.0 10.1
0.0 0.0 10.1
0.0 0.0 11.7
0.0 0.0 11.7
0.0 0.0 11.7
0.0 0.0 11.7
0.0 0.0 11.7
0.0 0.0 11.7
16.0 0.0 11.7
0.0 0.0 11.7
0.0 0.0 11.7
0.0 0.0 11.7
0.0 0.0 11.7
0.0 0.0 11.7
0.0 0.0 11.7
0.0 0.0 11.7
0.0 0.0 11.7
0.0 0.0 11.7
0.0 0.0 7.4
0.0 0.0 7.4
0.0 0.0 7.4
0.0 0.0 7.4
0.0 0.0 7.4
0.0 0.0 7.4
0.0 0.0 7.4
0.0 0.0 7.4
0.0 0.0 7.4
0.0 0.0 7.4
0.0 0.0 7.4
0.0 0.0 7.4
0.0 0.0 7.4
0.0 0.0 7.4
0.0 0.0 7.4
0.0 0.0 7.4
0.0 0.0 7.4
0.0 0.0 12.4
0.0 0.0 12.4
0.0 0.0 12.4
0.0 0.0 12.4
0.0 0.0 12.4
0.0 0.0 12.4
0.0 0.0 12.4
0.0 0.0 12.4
0.0 0.0 12.4
0.0 0.0 12.4
0.0 0.0 12.4
0.0 0.0 12.4
0.0 0.0 12.4
0.0 0.0 12.4
0.0 0.0 12.4
0.0 0.0 12.4
0.0 0.0 13.4
0.0 0.0 13.4
0.0 0.0 13.4
0.0 0.0 13.4
0.0 0.0 13.4
0.0 0.0 13.4
0.0 0.0 13.4
0.0 0.0 13.4
0.0 0.0 13.4
0.0 0.0 13.4
0.0 0.0 13.4
0.0 0.0 13.4
0.0 0.0 13.4
0.0 0.0 13.4
0.0 0.0 13.4
0.0 0.0 13.4
0.0 0.0 13.4
0.0 0.0 11.7
0.0 0.0 11.7
0.0 0.0 11.7
0.0 0.0 11.7
0.0 0.0 11.7
0.0 0.0 11.7
0.0 0.0 11.7
0.0 0.0 11.7
0.0 0.0 11.7
0.0 0.0 11.7
0.0 0.0 11.7
0.0 0.0 11.7
0.0 0.0 11.7
0.0 0.0 11.7
0.0 0.0 11.7
0.0 0.0 11.7
0.0 0.0 4.2
0.0 0.0 4.2
0.0 0.0 4.2
Numero de Fallas:0
0.0 0.0 NaN
0.0 0.0 NaN
0.0 0.0 NaN
0.0 0.0 NaN
0.0 0.0 NaN
0.0 0.0 NaN
0.0 0.0 NaN
0.0 0.0 NaN
0.0 0.0 NaN
0.0 0.0 NaN
0.0 0.0 NaN
0.0 0.0 NaN
0.0 0.0 NaN
0.0 0.0 50.0
0.0 0.0 50.0
0.0 0.0 50.0
0.0 0.0 50.0
0.0 0.0 50.0
0.0 0.0 50.0
0.0 0.0 50.0
0.0 0.0 50.0
0.0 0.0 50.0
0.0 0.0 50.0
0.0 0.0 50.0
0.0 0.0 50.0
0.0 0.0 50.0
0.0 0.0 50.0
0.0 0.0 50.0
0.0 0.0 50.0
0.0 0.0 12.6
0.0 0.0 12.6
0.0 0.0 12.6
0.0 0.0 12.6
0.0 0.0 12.6
0.0 0.0 12.6
0.0 0.0 12.6
0.0 0.0 12.6
0.0 0.0 12.6
0.0 0.0 12.6
0.0 0.0 12.6
0.0 0.0 12.6
0.0 0.0 12.6
0.0 0.0 12.6
0.0 0.0 12.6
0.0 0.0 12.6
0.0 0.0 12.6
0.0 0.0 12.7
0.0 0.0 12.7
0.0 0.0 12.7
0.0 0.0 12.7
0.0 0.0 12.7
0.0 0.0 12.7
0.0 0.0 12.7
0.0 0.0 12.7
0.0 0.0 12.7
0.0 0.0 12.7
0.0 0.0 12.7
0.0 0.0 12.7
0.0 0.0 12.7
0.0 0.0 12.7
0.0 0.0 12.7
0.0 0.0 12.7
0.0 0.0 12.7
0.0 0.0 13.3
0.0 0.0 13.3
0.0 0.0 13.3
0.0 0.0 13.3
0.0 0.0 13.3
0.0 0.0 13.3
0.0 0.0 13.3
0.0 0.0 13.3
0.0 0.0 13.3
0.0 0.0 13.3
0.0 0.0 13.3
0.0 0.0 13.3
0.0 0.0 13.3
0.0 0.0 13.3
0.0 0.0 13.3
0.0 0.0 13.3
0.0 0.0 13.3
0.0 0.0 13.0
0.0 0.0 13.0
0.0 0.0 13.0
0.0 0.0 13.0
0.0 0.0 13.0
0.0 0.0 13.0
0.0 0.0 13.0
0.0 0.0 13.0
0.0 0.0 13.0
0.0 0.0 13.0
0.0 0.0 13.0
0.0 0.0 13.0
0.0 0.0 13.0
0.0 0.0 13.0
0.0 0.0 13.0
0.0 0.0 13.0
0.0 0.0 13.0
0.0 0.0 14.1
0.0 0.0 14.1
0.0 0.0 14.1
0.0 0.0 14.1
0.0 0.0 14.1
0.0 0.0 14.1
0.0 0.0 14.1
0.0 0.0 14.1
0.0 0.0 14.1
0.0 0.0 14.1
0.0 0.0 14.1
0.0 0.0 14.1
0.0 0.0 14.1
0.0 0.0 14.1
0.0 0.0 14.1
0.0 0.0 14.1
0.0 0.0 14.1
0.0 0.0 8.5
0.0 0.0 8.5
0.0 0.0 8.5
0.0 0.0 8.5
0.0 0.0 8.5
0.0 0.0 8.5
0.0 0.0 8.5
0.0 0.0 8.5
0.0 0.0 8.5
0.0 0.0 8.5
0.0 0.0 8.5
0.0 0.0 8.5
0.0 0.0 8.5
0.0 0.0 8.5
0.0 0.0 8.5
0.0 0.0 8.5
0.0 0.0 16.4
0.0 0.0 16.4
0.0 0.0 16.4
0.0 0.0 16.4
0.0 0.0 16.4
0.0 0.0 16.4
0.0 0.0 16.4
0.0 0.0 16.4
0.0 0.0 16.4
0.0 0.0 16.4
0.0 0.0 16.4
0.0 0.0 16.4
0.0 0.0 16.4
0.0 0.0 16.4
0.0 0.0 16.4
0.0 0.0 16.4
0.0 0.0 16.4
0.0 0.0 11.9
0.0 0.0 11.9
0.0 0.0 11.9
0.0 0.0 11.9
0.0 0.0 11.9
0.0 0.0 11.9
0.0 0.0 11.9
0.0 0.0 11.9
0.0 0.0 11.9
0.0 0.0 11.9
0.0 0.0 11.9
0.0 0.0 11.9
0.0 0.0 11.9
0.0 0.0 11.9
0.0 0.0 11.9
0.0 0.0 11.9
0.0 0.0 1.7
0.0 0.0 1.7
0.0 0.0 1.7
0.0 0.0 1.7
0.0 0.0 1.7
0.0 0.0 1.7
0.0 0.0 1.7
0.0 0.0 1.7
0.0 0.0 1.7
0.0 0.0 1.7
0.0 0.0 1.7
0.0 0.0 1.7
0.0 0.0 1.7
0.0 0.0 1.7
0.0 0.0 1.7
0.0 0.0 1.7
0.0 0.0 1.7
0.0 0.0 7.5
0.0 0.0 7.5
0.0 0.0 7.5
0.0 0.0 7.5
0.0 0.0 7.5
0.0 0.0 7.5
0.0 0.0 7.5
0.0 0.0 7.5
0.0 0.0 7.5
0.0 0.0 7.5
0.0 0.0 7.5
0.0 0.0 7.5
0.0 0.0 7.5
0.0 0.0 7.5
0.0 0.0 7.5
0.0 0.0 7.5
0.0 0.0 7.5
0.0 0.0 11.5
0.0 0.0 11.5
0.0 0.0 11.5
0.0 0.0 11.5
0.0 0.0 11.5
0.0 0.0 11.5
0.0 0.0 11.5
0.0 0.0 11.5
0.0 0.0 11.5
0.0 0.0 11.5
0.0 0.0 11.5
0.0 0.0 11.5
0.0 0.0 11.5
0.0 0.0 11.5
0.0 0.0 11.5
0.0 0.0 11.5
0.0 0.0 9.5
0.0 0.0 9.5
0.0 0.0 9.5
0.0 0.0 9.5
0.0 0.0 9.5
0.0 0.0 9.5
0.0 0.0 9.5
0.0 0.0 9.5
0.0 0.0 9.5
0.0 0.0 9.5
0.0 0.0 9.5
0.0 0.0 9.5
0.0 0.0 9.5
0.0 0.0 9.5
0.0 0.0 9.5
0.0 0.0 9.5
0.0 0.0 9.5
0.0 0.0 8.4
0.0 0.0 8.4
0.0 0.0 8.4
0.0 0.0 8.4
0.0 0.0 8.4
0.0 0.0 8.4
0.0 0.0 8.4
0.0 0.0 8.4
0.0 0.0 8.4
0.0 0.0 8.4
0.0 0.0 8.4
0.0 0.0 8.4
0.0 0.0 8.4
0.0 0.0 8.4
0.0 0.0 8.4
0.0 0.0 8.4
0.0 0.0 8.4
0.0 0.0 12.1
0.0 0.0 12.1
0.0 0.0 12.1
0.0 0.0 12.1
0.0 0.0 12.1
0.0 0.0 12.1
0.0 0.0 12.1
0.0 0.0 12.1
0.0 0.0 12.1
0.0 0.0 12.1
0.0 0.0 12.1
0.0 0.0 12.1
0.0 0.0 12.1
0.0 0.0 12.1
0.0 0.0 12.1
0.0 0.0 12.1
0.0 0.0 11.2
0.0 0.0 11.2
0.0 0.0 11.2
0.0 0.0 11.2
0.0 0.0 11.2
0.0 0.0 11.2
0.0 0.0 11.2
0.0 0.0 11.2
0.0 0.0 11.2
0.0 0.0 11.2
0.0 0.0 11.2
0.0 0.0 11.2
0.0 0.0 11.2
0.0 0.0 11.2
0.0 0.0 11.2
0.0 0.0 11.2
0.0 0.0 11.2
0.0 0.0 11.3
0.0 0.0 11.3
0.0 0.0 11.3
0.0 0.0 11.3
0.0 0.0 11.3
0.0 0.0 11.3
0.0 0.0 11.3
0.0 0.0 11.3
0.0 0.0 11.3
0.0 0.0 11.3
0.0 0.0 11.3
0.0 0.0 11.3
0.0 0.0 11.3
0.0 0.0 11.3
0.0 0.0 11.3
0.0 0.0 11.3
0.0 0.0 7.7
0.0 0.0 7.7
0.0 0.0 7.7
0.0 0.0 7.7
0.0 0.0 7.7
0.0 0.0 7.7
0.0 0.0 7.7
0.0 0.0 7.7
0.0 0.0 7.7
0.0 0.0 7.7
0.0 0.0 7.7
0.0 0.0 7.7
0.0 0.0 7.7
0.0 0.0 7.7
0.0 0.0 7.7
0.0 0.0 7.7
0.0 0.0 7.7
0.0 0.0 20.5
0.0 0.0 20.5
0.0 0.0 20.5
0.0 0.0 20.5
0.0 0.0 20.5
0.0 0.0 20.5
0.0 0.0 20.5
0.0 0.0 20.5
0.0 0.0 20.5
0.0 0.0 20.5
0.0 0.0 20.5
0.0 0.0 20.5
0.0 0.0 20.5
0.0 0.0 20.5
0.0 0.0 20.5
0.0 0.0 20.5
0.0 0.0 10.0
0.0 0.0 10.0
0.0 0.0 10.0
0.0 0.0 10.0
0.0 0.0 10.0
0.0 0.0 10.0
0.0 0.0 10.0
0.0 0.0 10.0
0.0 0.0 10.0
0.0 0.0 10.0
0.0 0.0 10.0
0.0 0.0 10.0
0.0 0.0 10.0
0.0 0.0 10.0
0.0 0.0 10.0
0.0 0.0 10.0
0.0 0.0 10.0
0.0 0.0 7.7
0.0 0.0 7.7
0.0 0.0 7.7
0.0 0.0 7.7
0.0 0.0 7.7
0.0 0.0 7.7
0.0 0.0 7.7
0.0 0.0 7.7
0.0 0.0 7.7
0.0 0.0 7.7
0.0 0.0 7.7
0.0 0.0 7.7
0.0 0.0 7.7
0.0 0.0 7.7
0.0 0.0 7.7
0.0 0.0 7.7
0.0 0.0 1.9
0.0 0.0 1.9
0.0 0.0 1.9
0.0 0.0 1.9
0.0 0.0 1.9
0.0 0.0 1.9
0.0 0.0 1.9
0.0 0.0 1.9
0.0 0.0 1.9
0.0 0.0 1.9
0.0 0.0 1.9
0.0 0.0 1.9
0.0 0.0 1.9
0.0 0.0 1.9
0.0 0.0 1.9
0.0 0.0 1.9
0.0 0.0 1.9
0.0 0.0 13.2
0.0 0.0 13.2
0.0 0.0 13.2
0.0 0.0 13.2
0.0 0.0 13.2
0.0 0.0 13.2
0.0 0.0 13.2
0.0 0.0 13.2
0.0 0.0 13.2
0.0 0.0 13.2
0.0 0.0 13.2
0.0 0.0 13.2
0.0 0.0 13.2
0.0 0.0 13.2
0.0 0.0 13.2
0.0 0.0 13.2
0.0 0.0 11.2
0.0 0.0 11.2
0.0 0.0 11.2
0.0 0.0 11.2
0.0 0.0 11.2
Numero de Fallas:0
0.0 0.0 0.0
0.0 0.0 0.0
0.0 0.0 0.0
0.0 0.0 0.0
0.0 0.0 0.0
0.0 0.0 0.0
0.0 0.0 0.0
0.0 0.0 0.0
0.0 0.0 0.0
0.0 0.0 0.0
0.0 0.0 0.0
0.0 0.0 0.0
0.0 0.0 0.0
0.0 0.0 0.0
0.0 0.0 0.0
0.0 0.0 0.0
0.0 0.0 0.0
0.0 0.0 0.0
0.0 0.0 0.0
0.0 0.0 0.0
0.0 0.0 0.0
0.0 0.0 0.0
0.0 0.0 0.0
0.0 0.0 0.0
0.0 0.0 0.0
0.0 0.0 0.0
0.0 0.0 0.0
0.0 0.0 0.0
0.0 0.0 0.0
0.0 0.0 13.4
0.0 0.0 13.4
0.0 0.0 13.4
0.0 0.0 13.4
0.0 0.0 13.4
0.0 0.0 13.4
0.0 0.0 13.4
0.0 0.0 13.4
0.0 0.0 13.4
0.0 0.0 13.4
0.0 0.0 13.4
0.0 0.0 13.4
0.0 0.0 13.4
0.0 0.0 13.4
0.0 0.0 13.4
0.0 0.0 13.4
0.0 0.0 13.4
0.0 0.0 10.0
0.0 0.0 10.0
0.0 0.0 10.0
0.0 0.0 10.0
0.0 0.0 10.0
0.0 0.0 10.0
0.0 0.0 10.0
0.0 0.0 10.0
0.0 0.0 10.0
0.0 0.0 10.0
0.0 0.0 10.0
0.0 0.0 10.0
0.0 0.0 10.0
0.0 0.0 10.0
0.0 0.0 10.0
0.0 0.0 10.0
0.0 0.0 7.1
0.0 0.0 7.1
0.0 0.0 7.1
0.0 0.0 7.1
0.0 0.0 7.1
0.0 0.0 7.1
0.0 0.0 7.1
0.0 0.0 7.1
0.0 0.0 7.1
0.0 0.0 7.1
0.0 0.0 7.1
0.0 0.0 7.1
0.0 0.0 7.1
0.0 0.0 7.1
0.0 0.0 7.1
0.0 0.0 7.1
0.0 0.0 7.1
0.0 0.0 10.0
0.0 0.0 10.0
0.0 0.0 10.0
0.0 0.0 10.0
0.0 0.0 10.0
0.0 0.0 10.0
0.0 0.0 10.0
0.0 0.0 10.0
0.0 0.0 10.0
0.0 0.0 10.0
0.0 0.0 10.0
0.0 0.0 10.0
0.0 0.0 10.0
0.0 0.0 10.0
0.0 0.0 10.0
0.0 0.0 10.0
0.0 0.0 10.0
0.0 0.0 12.6
0.0 0.0 12.6
0.0 0.0 12.6
0.0 0.0 12.6
0.0 0.0 12.6
0.0 0.0 12.6
0.0 0.0 12.6
0.0 0.0 12.6
0.0 0.0 12.6
0.0 0.0 12.6
0.0 0.0 12.6
0.0 0.0 12.6
0.0 0.0 12.6
0.0 0.0 12.6
0.0 0.0 12.6
0.0 0.0 12.6
0.0 0.0 12.6
0.0 0.0 12.2
0.0 0.0 12.2
0.0 0.0 12.2
0.0 0.0 12.2
0.0 0.0 12.2
0.0 0.0 12.2
0.0 0.0 12.2
0.0 0.0 12.2
0.0 0.0 12.2
0.0 0.0 12.2
0.0 0.0 12.2
0.0 0.0 12.2
0.0 0.0 12.2
0.0 0.0 12.2
0.0 0.0 12.2
0.0 0.0 12.2
0.0 0.0 12.6
0.0 0.0 12.6
0.0 0.0 12.6
0.0 0.0 12.6
0.0 0.0 12.6
0.0 0.0 12.6
0.0 0.0 12.6
0.0 0.0 12.6
0.0 0.0 12.6
0.0 0.0 12.6
0.0 0.0 12.6
0.0 0.0 12.6
0.0 0.0 12.6
0.0 0.0 12.6
0.0 0.0 12.6
0.0 0.0 12.6
0.0 0.0 12.6
0.0 0.0 14.8
0.0 0.0 14.8
0.0 0.0 14.8
0.0 0.0 14.8
0.0 0.0 14.8
0.0 0.0 14.8
0.0 0.0 14.8
0.0 0.0 14.8
0.0 0.0 14.8
0.0 0.0 14.8
0.0 0.0 14.8
0.0 0.0 14.8
0.0 0.0 14.8
0.0 0.0 14.8
0.0 0.0 14.8
0.0 0.0 14.8
0.0 0.0 14.8
0.0 0.0 12.6
0.0 0.0 12.6
0.0 0.0 12.6
0.0 0.0 12.6
0.0 0.0 12.6
0.0 0.0 12.6
0.0 0.0 12.6
0.0 0.0 12.6
0.0 0.0 12.6
0.0 0.0 12.6
0.0 0.0 12.6
0.0 0.0 12.6
0.0 0.0 12.6
0.0 0.0 12.6
0.0 0.0 12.6
0.0 0.0 12.6
0.0 0.0 15.4
0.0 0.0 15.4
0.0 0.0 15.4
0.0 0.0 15.4
0.0 0.0 15.4
0.0 0.0 15.4
0.0 0.0 15.4
0.0 0.0 15.4
0.0 0.0 15.4
0.0 0.0 15.4
0.0 0.0 15.4
0.0 0.0 15.4
0.0 0.0 15.4
0.0 0.0 15.4
0.0 0.0 15.4
0.0 0.0 15.4
0.0 0.0 15.4
0.0 0.0 4.9
0.0 0.0 4.9
0.0 0.0 4.9
0.0 0.0 4.9
0.0 0.0 4.9
0.0 0.0 4.9
0.0 0.0 4.9
0.0 0.0 4.9
0.0 0.0 4.9
0.0 0.0 4.9
0.0 0.0 4.9
0.0 0.0 4.9
0.0 0.0 4.9
0.0 0.0 4.9
0.0 0.0 4.9
0.0 0.0 4.9
0.0 0.0 4.9
0.0 0.0 13.0
0.0 0.0 13.0
0.0 0.0 13.0
0.0 0.0 13.0
0.0 0.0 13.0
0.0 0.0 13.0
0.0 0.0 13.0
0.0 0.0 13.0
0.0 0.0 13.0
0.0 0.0 13.0
0.0 0.0 13.0
0.0 0.0 13.0
0.0 0.0 13.0
0.0 0.0 13.0
0.0 0.0 13.0
0.0 0.0 13.0
0.0 0.0 12.6
0.0 0.0 12.6
0.0 0.0 12.6
0.0 0.0 12.6
0.0 0.0 12.6
0.0 0.0 12.6
0.0 0.0 12.6
0.0 0.0 12.6
0.0 0.0 12.6
0.0 0.0 12.6
0.0 0.0 12.6
0.0 0.0 12.6
0.0 0.0 12.6
0.0 0.0 12.6
0.0 0.0 12.6
0.0 0.0 12.6
0.0 0.0 12.6
0.0 0.0 13.0
0.0 0.0 13.0
0.0 0.0 13.0
0.0 0.0 13.0
0.0 0.0 13.0
0.0 0.0 13.0
0.0 0.0 13.0
0.0 0.0 13.0
0.0 0.0 13.0
0.0 0.0 13.0
0.0 0.0 13.0
0.0 0.0 13.0
0.0 0.0 13.0
0.0 0.0 13.0
0.0 0.0 13.0
0.0 0.0 13.0
0.0 0.0 12.4
0.0 0.0 12.4
0.0 0.0 12.4
0.0 0.0 12.4
0.0 0.0 12.4
0.0 0.0 12.4
0.0 0.0 12.4
0.0 0.0 12.4
0.0 0.0 12.4
0.0 0.0 12.4
0.0 0.0 12.4
0.0 0.0 12.4
0.0 0.0 12.4
0.0 0.0 12.4
0.0 0.0 12.4
0.0 0.0 12.4
0.0 0.0 12.4
0.0 0.0 9.9
0.0 0.0 9.9
0.0 0.0 9.9
0.0 0.0 9.9
0.0 0.0 9.9
0.0 0.0 9.9
0.0 0.0 9.9
0.0 0.0 9.9
0.0 0.0 9.9
0.0 0.0 9.9
0.0 0.0 9.9
0.0 0.0 9.9
0.0 0.0 9.9
0.0 0.0 9.9
0.0 0.0 9.9
0.0 0.0 9.9
0.0 0.0 7.7
0.0 0.0 7.7
0.0 0.0 7.7
0.0 0.0 7.7
0.0 0.0 7.7
0.0 0.0 7.7
0.0 0.0 7.7
0.0 0.0 7.7
0.0 0.0 7.7
0.0 0.0 7.7
0.0 0.0 7.7
0.0 0.0 7.7
0.0 0.0 7.7
0.0 0.0 7.7
0.0 0.0 7.7
0.0 0.0 7.7
0.0 0.0 7.7
0.0 0.0 4.0
0.0 0.0 4.0
0.0 0.0 4.0
0.0 0.0 4.0
0.0 0.0 4.0
0.0 0.0 4.0
0.0 0.0 4.0
0.0 0.0 4.0
0.0 0.0 4.0
0.0 0.0 4.0
0.0 0.0 4.0
0.0 0.0 4.0
0.0 0.0 4.0
0.0 0.0 4.0
0.0 0.0 4.0
0.0 0.0 4.0
0.0 0.0 7.0
0.0 0.0 7.0
0.0 0.0 7.0
0.0 0.0 7.0
0.0 0.0 7.0
0.0 0.0 7.0
0.0 0.0 7.0
0.0 0.0 7.0
0.0 0.0 7.0
0.0 0.0 7.0
0.0 0.0 7.0
0.0 0.0 7.0
0.0 0.0 7.0
0.0 0.0 7.0
0.0 0.0 7.0
0.0 0.0 7.0
0.0 0.0 7.0
0.0 0.0 12.4
0.0 0.0 12.4
0.0 0.0 12.4
0.0 0.0 12.4
0.0 0.0 12.4
0.0 0.0 12.4
0.0 0.0 12.4
0.0 0.0 12.4
0.0 0.0 12.4
0.0 0.0 12.4
16.0 0.0 12.4
0.0 0.0 12.4
0.0 0.0 12.4
0.0 0.0 12.4
0.0 0.0 12.4
0.0 0.0 12.4
0.0 0.0 12.0
0.0 0.0 12.0
0.0 0.0 12.0
0.0 0.0 12.0
0.0 0.0 12.0
0.0 0.0 12.0
0.0 0.0 12.0
0.0 0.0 12.0
0.0 0.0 12.0
0.0 0.0 12.0
0.0 0.0 12.0
0.0 0.0 12.0
0.0 0.0 12.0
0.0 0.0 12.0
0.0 0.0 12.0
0.0 0.0 12.0
0.0 0.0 12.0
0.0 0.0 6.9
0.0 0.0 6.9
0.0 0.0 6.9
0.0 0.0 6.9
0.0 0.0 6.9
0.0 0.0 6.9
0.0 0.0 6.9
0.0 0.0 6.9
0.0 0.0 6.9
0.0 0.0 6.9
0.0 0.0 6.9
0.0 0.0 6.9
0.0 0.0 6.9
0.0 0.0 6.9
0.0 0.0 6.9
0.0 0.0 6.9
0.0 0.0 12.8
0.0 0.0 12.8
0.0 0.0 12.8
0.0 0.0 12.8
0.0 0.0 12.8
0.0 0.0 12.8
Numero de Fallas:0
0.0 0.0 0.0
0.0 0.0 0.0
0.0 0.0 0.0
0.0 0.0 0.0
0.0 0.0 0.0
0.0 0.0 0.0
0.0 0.0 0.0
0.0 0.0 0.0
0.0 0.0 0.0
0.0 0.0 0.0
0.0 0.0 0.0
0.0 0.0 0.0
0.0 0.0 0.0
0.0 0.0 0.0
0.0 0.0 0.0
0.0 0.0 0.0
0.0 0.0 0.0
0.0 0.0 0.0
0.0 0.0 0.0
0.0 0.0 0.0
0.0 0.0 0.0
0.0 0.0 0.0
0.0 0.0 0.0
0.0 0.0 0.0
0.0 0.0 0.0
0.0 0.0 0.0
0.0 0.0 0.0
0.0 0.0 0.0
0.0 0.0 0.0
0.0 0.0 0.0
0.0 0.0 9.9
0.0 0.0 9.9
0.0 0.0 9.9
0.0 0.0 9.9
0.0 0.0 9.9
0.0 0.0 9.9
0.0 0.0 9.9
0.0 0.0 9.9
0.0 0.0 9.9
0.0 0.0 9.9
0.0 0.0 9.9
0.0 0.0 9.9
0.0 0.0 9.9
0.0 0.0 9.9
0.0 0.0 9.9
0.0 0.0 9.9
0.0 0.0 8.7
0.0 0.0 8.7
0.0 0.0 8.7
0.0 0.0 8.7
0.0 0.0 8.7
0.0 0.0 8.7
0.0 0.0 8.7
0.0 0.0 8.7
0.0 0.0 8.7
0.0 0.0 8.7
0.0 0.0 8.7
0.0 0.0 8.7
0.0 0.0 8.7
0.0 0.0 8.7
0.0 0.0 8.7
0.0 0.0 8.7
0.0 0.0 8.7
0.0 0.0 12.2
0.0 0.0 12.2
0.0 0.0 12.2
0.0 0.0 12.2
0.0 0.0 12.2
0.0 0.0 12.2
0.0 0.0 12.2
0.0 0.0 12.2
0.0 0.0 12.2
0.0 0.0 12.2
0.0 0.0 12.2
0.0 0.0 12.2
0.0 0.0 12.2
0.0 0.0 12.2
0.0 0.0 12.2
0.0 0.0 12.2
0.0 0.0 12.2
0.0 0.0 13.3
0.0 0.0 13.3
0.0 0.0 13.3
0.0 0.0 13.3
0.0 0.0 13.3
0.0 0.0 13.3
0.0 0.0 13.3
0.0 0.0 13.3
0.0 0.0 13.3
0.0 0.0 13.3
0.0 0.0 13.3
0.0 0.0 13.3
0.0 0.0 13.3
0.0 0.0 13.3
0.0 0.0 13.3
0.0 0.0 13.3
0.0 0.0 11.1
0.0 0.0 11.1
0.0 0.0 11.1
0.0 0.0 11.1
0.0 0.0 11.1
0.0 0.0 11.1
0.0 0.0 11.1
0.0 0.0 11.1
0.0 0.0 11.1
0.0 0.0 11.1
0.0 0.0 11.1
0.0 0.0 11.1
0.0 0.0 11.1
0.0 0.0 11.1
0.0 0.0 11.1
0.0 0.0 11.1
0.0 0.0 11.1
0.0 0.0 12.2
0.0 0.0 12.2
0.0 0.0 12.2
0.0 0.0 12.2
0.0 0.0 12.2
0.0 0.0 12.2
0.0 0.0 12.2
0.0 0.0 12.2
0.0 0.0 12.2
0.0 0.0 12.2
0.0 0.0 12.2
0.0 0.0 12.2
0.0 0.0 12.2
0.0 0.0 12.2
0.0 0.0 12.2
0.0 0.0 12.2
0.0 0.0 12.2
0.0 0.0 13.3
0.0 0.0 13.3
0.0 0.0 13.3
0.0 0.0 13.3
0.0 0.0 13.3
0.0 0.0 13.3
0.0 0.0 13.3
0.0 0.0 13.3
0.0 0.0 13.3
0.0 0.0 13.3
0.0 0.0 13.3
0.0 0.0 13.3
0.0 0.0 13.3
0.0 0.0 13.3
0.0 0.0 13.3
0.0 0.0 13.3
0.0 0.0 11.8
0.0 0.0 11.8
0.0 0.0 11.8
0.0 0.0 11.8
0.0 0.0 11.8
0.0 0.0 11.8
0.0 0.0 11.8
0.0 0.0 11.8
0.0 0.0 11.8
0.0 0.0 11.8
0.0 0.0 11.8
0.0 0.0 11.8
0.0 0.0 11.8
0.0 0.0 11.8
0.0 0.0 11.8
0.0 0.0 11.8
0.0 0.0 11.8
0.0 0.0 0.1
0.0 0.0 0.1
0.0 0.0 0.1
0.0 0.0 0.1
0.0 0.0 0.1
0.0 0.0 0.1
0.0 0.0 0.1
0.0 0.0 0.1
0.0 0.0 0.1
0.0 0.0 0.1
0.0 0.0 0.1
0.0 0.0 0.1
0.0 0.0 0.1
0.0 0.0 0.1
0.0 0.0 0.1
0.0 0.0 0.1
0.0 0.0 0.1
0.0 0.0 23.6
0.0 0.0 23.6
0.0 0.0 23.6
0.0 0.0 23.6
0.0 0.0 23.6
0.0 0.0 23.6
0.0 0.0 23.6
0.0 0.0 23.6
0.0 0.0 23.6
0.0 0.0 23.6
0.0 0.0 23.6
0.0 0.0 23.6
0.0 0.0 23.6
0.0 0.0 23.6
0.0 0.0 23.6
0.0 0.0 23.6
0.0 0.0 11.5
0.0 0.0 11.5
0.0 0.0 11.5
0.0 0.0 11.5
0.0 0.0 11.5
0.0 0.0 11.5
0.0 0.0 11.5
0.0 0.0 11.5
0.0 0.0 11.5
0.0 0.0 11.5
0.0 0.0 11.5
0.0 0.0 11.5
0.0 0.0 11.5
0.0 0.0 11.5
0.0 0.0 11.5
0.0 0.0 11.5
0.0 0.0 11.5
0.0 0.0 7.5
0.0 0.0 7.5
0.0 0.0 7.5
0.0 0.0 7.5
0.0 0.0 7.5
0.0 0.0 7.5
0.0 0.0 7.5
0.0 0.0 7.5
0.0 0.0 7.5
0.0 0.0 7.5
0.0 0.0 7.5
0.0 0.0 7.5
0.0 0.0 7.5
0.0 0.0 7.5
0.0 0.0 7.5
0.0 0.0 7.5
0.0 0.0 7.5
0.0 0.0 9.8
0.0 0.0 9.8
0.0 0.0 9.8
0.0 0.0 9.8
0.0 0.0 9.8
0.0 0.0 9.8
0.0 0.0 9.8
0.0 0.0 9.8
0.0 0.0 9.8
0.0 0.0 9.8
0.0 0.0 9.8
0.0 0.0 9.8
0.0 0.0 9.8
0.0 0.0 9.8
0.0 0.0 9.8
0.0 0.0 9.8
0.0 0.0 9.8
0.0 0.0 11.3
0.0 0.0 11.3
0.0 0.0 11.3
0.0 0.0 11.3
0.0 0.0 11.3
0.0 0.0 11.3
0.0 0.0 11.3
0.0 0.0 11.3
0.0 0.0 11.3
0.0 0.0 11.3
0.0 0.0 11.3
0.0 0.0 11.3
0.0 0.0 11.3
0.0 0.0 11.3
0.0 0.0 11.3
0.0 0.0 11.3
0.0 0.0 8.9
0.0 0.0 8.9
0.0 0.0 8.9
0.0 0.0 8.9
0.0 0.0 8.9
0.0 0.0 8.9
0.0 0.0 8.9
0.0 0.0 8.9
0.0 0.0 8.9
0.0 0.0 8.9
0.0 0.0 8.9
0.0 0.0 8.9
0.0 0.0 8.9
0.0 0.0 8.9
0.0 0.0 8.9
0.0 0.0 8.9
0.0 0.0 8.9
0.0 0.0 8.0
0.0 0.0 8.0
0.0 0.0 8.0
0.0 0.0 8.0
0.0 0.0 8.0
0.0 0.0 8.0
0.0 0.0 8.0
0.0 0.0 8.0
0.0 0.0 8.0
0.0 0.0 8.0
16.0 0.0 8.0
0.0 0.0 8.0
0.0 0.0 8.0
0.0 0.0 8.0
0.0 0.0 8.0
0.0 0.0 8.0
0.0 0.0 4.2
0.0 0.0 4.2
0.0 0.0 4.2
0.0 0.0 4.2
0.0 0.0 4.2
0.0 0.0 4.2
0.0 0.0 4.2
0.0 0.0 4.2
0.0 0.0 4.2
0.0 0.0 4.2
0.0 0.0 4.2
0.0 0.0 4.2
0.0 0.0 4.2
0.0 0.0 4.2
0.0 0.0 4.2
0.0 0.0 4.2
0.0 0.0 4.2
0.0 0.0 12.5
0.0 0.0 12.5
0.0 0.0 12.5
0.0 0.0 12.5
0.0 0.0 12.5
0.0 0.0 12.5
0.0 0.0 12.5
0.0 0.0 12.5
0.0 0.0 12.5
0.0 0.0 12.5
0.0 0.0 12.5
0.0 0.0 12.5
0.0 0.0 12.5
0.0 0.0 12.5
0.0 0.0 12.5
0.0 0.0 12.5
0.0 0.0 13.2
0.0 0.0 13.2
0.0 0.0 13.2
0.0 0.0 13.2
0.0 0.0 13.2
0.0 0.0 13.2
0.0 0.0 13.2
0.0 0.0 13.2
0.0 0.0 13.2
0.0 0.0 13.2
0.0 0.0 13.2
0.0 0.0 13.2
0.0 0.0 13.2
0.0 0.0 13.2
0.0 0.0 13.2
0.0 0.0 13.2
0.0 0.0 13.2
0.0 0.0 6.6
0.0 0.0 6.6
0.0 0.0 6.6
0.0 0.0 6.6
0.0 0.0 6.6
0.0 0.0 6.6
0.0 0.0 6.6
0.0 0.0 6.6
0.0 0.0 6.6
16.0 0.0 6.6
0.0 0.0 6.6
0.0 0.0 6.6
0.0 0.0 6.6
0.0 0.0 6.6
0.0 0.0 6.6
0.0 0.0 6.6
0.0 0.0 3.5
0.0 0.0 3.5
0.0 0.0 3.5
0.0 0.0 3.5
0.0 0.0 3.5
0.0 0.0 3.5
0.0 0.0 3.5
0.0 0.0 3.5
0.0 0.0 3.5
0.0 0.0 3.5
0.0 0.0 3.5
0.0 0.0 3.5
0.0 0.0 3.5
0.0 0.0 3.5
0.0 0.0 3.5
0.0 0.0 3.5
0.0 0.0 3.5
0.0 0.0 9.1
0.0 0.0 9.1
0.0 0.0 9.1
0.0 0.0 9.1
0.0 0.0 9.1
0.0 0.0 9.1
0.0 0.0 9.1
0.0 0.0 9.1
16.0 0.0 9.1
0.0 0.0 9.1
0.0 0.0 9.1
0.0 0.0 9.1
0.0 0.0 9.1
0.0 0.0 9.1
0.0 0.0 9.1
0.0 0.0 9.1
0.0 0.0 13.2
0.0 0.0 13.2
0.0 0.0 13.2
0.0 0.0 13.2
0.0 0.0 13.2
Numero de Fallas:0
0.0 0.0 0.0
0.0 0.0 0.0
0.0 0.0 0.0
0.0 0.0 0.0
0.0 0.0 0.0
0.0 0.0 0.0
0.0 0.0 0.0
0.0 0.0 0.0
0.0 0.0 0.0
0.0 0.0 0.0
0.0 0.0 0.0
0.0 0.0 0.0
0.0 0.0 0.0
0.0 0.0 0.0
0.0 0.0 0.0
0.0 0.0 0.0
0.0 0.0 0.0
0.0 0.0 0.0
0.0 0.0 0.0
0.0 0.0 0.0
0.0 0.0 0.0
0.0 0.0 0.0
0.0 0.0 0.0
0.0 0.0 0.0
0.0 0.0 0.0
0.0 0.0 0.0
0.0 0.0 0.0
0.0 0.0 0.0
0.0 0.0 0.0
0.0 0.0 0.0
0.0 0.0 16.4
0.0 0.0 16.4
0.0 0.0 16.4
0.0 0.0 16.4
0.0 0.0 16.4
0.0 0.0 16.4
0.0 0.0 16.4
0.0 0.0 16.4
0.0 0.0 16.4
0.0 0.0 16.4
0.0 0.0 16.4
0.0 0.0 16.4
0.0 0.0 16.4
0.0 0.0 16.4
0.0 0.0 16.4
0.0 0.0 16.4
0.0 0.0 12.6
0.0 0.0 12.6
0.0 0.0 12.6
0.0 0.0 12.6
0.0 0.0 12.6
0.0 0.0 12.6
0.0 0.0 12.6
0.0 0.0 12.6
0.0 0.0 12.6
0.0 0.0 12.6
0.0 0.0 12.6
0.0 0.0 12.6
0.0 0.0 12.6
0.0 0.0 12.6
0.0 0.0 12.6
0.0 0.0 12.6
0.0 0.0 12.6
0.0 0.0 11.9
0.0 0.0 11.9
0.0 0.0 11.9
0.0 0.0 11.9
0.0 0.0 11.9
0.0 0.0 11.9
0.0 0.0 11.9
0.0 0.0 11.9
0.0 0.0 11.9
0.0 0.0 11.9
0.0 0.0 11.9
0.0 0.0 11.9
0.0 0.0 11.9
0.0 0.0 11.9
0.0 0.0 11.9
0.0 0.0 11.9
0.0 0.0 11.9
0.0 0.0 13.3
0.0 0.0 13.3
0.0 0.0 13.3
0.0 0.0 13.3
0.0 0.0 13.3
0.0 0.0 13.3
0.0 0.0 13.3
0.0 0.0 13.3
0.0 0.0 13.3
0.0 0.0 13.3
0.0 0.0 13.3
0.0 0.0 13.3
0.0 0.0 13.3
0.0 0.0 13.3
0.0 0.0 13.3
0.0 0.0 13.3
0.0 0.0 10.5
0.0 0.0 10.5
0.0 0.0 10.5
0.0 0.0 10.5
0.0 0.0 10.5
0.0 0.0 10.5
0.0 0.0 10.5
0.0 0.0 10.5
0.0 0.0 10.5
0.0 0.0 10.5
0.0 0.0 10.5
0.0 0.0 10.5
0.0 0.0 10.5
0.0 0.0 10.5
0.0 0.0 10.5
0.0 0.0 10.5
0.0 0.0 10.5
0.0 0.0 12.6
0.0 0.0 12.6
0.0 0.0 12.6
0.0 0.0 12.6
0.0 0.0 12.6
0.0 0.0 12.6
0.0 0.0 12.6
0.0 0.0 12.6
0.0 0.0 12.6
0.0 0.0 12.6
0.0 0.0 12.6
0.0 0.0 12.6
0.0 0.0 12.6
0.0 0.0 12.6
0.0 0.0 12.6
0.0 0.0 12.6
0.0 0.0 12.6
0.0 0.0 0.1
0.0 0.0 0.1
0.0 0.0 0.1
0.0 0.0 0.1
0.0 0.0 0.1
0.0 0.0 0.1
0.0 0.0 0.1
0.0 0.0 0.1
0.0 0.0 0.1
0.0 0.0 0.1
0.0 0.0 0.1
0.0 0.0 0.1
0.0 0.0 0.1
0.0 0.0 0.1
0.0 0.0 0.1
0.0 0.0 0.1
0.0 0.0 10.3
0.0 0.0 10.3
0.0 0.0 10.3
0.0 0.0 10.3
0.0 0.0 10.3
0.0 0.0 10.3
0.0 0.0 10.3
0.0 0.0 10.3
0.0 0.0 10.3
0.0 0.0 10.3
0.0 0.0 10.3
0.0 0.0 10.3
0.0 0.0 10.3
0.0 0.0 10.3
0.0 0.0 10.3
0.0 0.0 10.3
0.0 0.0 10.3
0.0 0.0 10.8
0.0 0.0 10.8
0.0 0.0 10.8
0.0 0.0 10.8
0.0 0.0 10.8
0.0 0.0 10.8
0.0 0.0 10.8
0.0 0.0 10.8
0.0 0.0 10.8
0.0 0.0 10.8
0.0 0.0 10.8
0.0 0.0 10.8
0.0 0.0 10.8
0.0 0.0 10.8
0.0 0.0 10.8
0.0 0.0 10.8
0.0 0.0 10.8
0.0 0.0 11.5
0.0 0.0 11.5
0.0 0.0 11.5
0.0 0.0 11.5
0.0 0.0 11.5
0.0 0.0 11.5
0.0 0.0 11.5
0.0 0.0 11.5
0.0 0.0 11.5
0.0 0.0 11.5
0.0 0.0 11.5
0.0 0.0 11.5
0.0 0.0 11.5
0.0 0.0 11.5
0.0 0.0 11.5
0.0 0.0 11.5
0.0 0.0 5.2
16.0 0.0 5.2
0.0 0.0 5.2
0.0 0.0 5.2
0.0 0.0 5.2
0.0 0.0 5.2
0.0 0.0 5.2
0.0 0.0 5.2
0.0 0.0 5.2
0.0 0.0 5.2
0.0 0.0 5.2
0.0 0.0 5.2
0.0 0.0 5.2
0.0 0.0 5.2
0.0 0.0 5.2
0.0 0.0 5.2
0.0 0.0 5.2
0.0 0.0 23.3
0.0 0.0 23.3
0.0 0.0 23.3
0.0 0.0 23.3
0.0 0.0 23.3
0.0 0.0 23.3
0.0 0.0 23.3
0.0 0.0 23.3
0.0 0.0 23.3
0.0 0.0 23.3
0.0 0.0 23.3
0.0 0.0 23.3
0.0 0.0 23.3
0.0 0.0 23.3
0.0 0.0 23.3
0.0 0.0 23.3
0.0 0.0 23.3
0.0 0.0 12.8
0.0 0.0 12.8
0.0 0.0 12.8
0.0 0.0 12.8
0.0 0.0 12.8
0.0 0.0 12.8
0.0 0.0 12.8
0.0 0.0 12.8
0.0 0.0 12.8
0.0 0.0 12.8
0.0 0.0 12.8
0.0 0.0 12.8
0.0 0.0 12.8
0.0 0.0 12.8
0.0 0.0 12.8
0.0 0.0 12.8
0.0 0.0 12.8
0.0 0.0 9.9
0.0 0.0 9.9
0.0 0.0 9.9
0.0 0.0 9.9
0.0 0.0 9.9
0.0 0.0 9.9
0.0 0.0 9.9
0.0 0.0 9.9
0.0 0.0 9.9
0.0 0.0 9.9
0.0 0.0 9.9
0.0 0.0 9.9
0.0 0.0 9.9
0.0 0.0 9.9
0.0 0.0 9.9
0.0 0.0 9.9
0.0 0.0 10.1
0.0 0.0 10.1
0.0 0.0 10.1
0.0 0.0 10.1
0.0 0.0 10.1
0.0 0.0 10.1
0.0 0.0 10.1
0.0 0.0 10.1
0.0 0.0 10.1
0.0 0.0 10.1
0.0 0.0 10.1
0.0 0.0 10.1
0.0 0.0 10.1
0.0 0.0 10.1
0.0 0.0 10.1
0.0 0.0 10.1
0.0 0.0 10.1
0.0 0.0 10.6
0.0 0.0 10.6
0.0 0.0 10.6
0.0 0.0 10.6
0.0 0.0 10.6
0.0 0.0 10.6
0.0 0.0 10.6
0.0 0.0 10.6
0.0 0.0 10.6
0.0 0.0 10.6
0.0 0.0 10.6
0.0 0.0 10.6
0.0 0.0 10.6
0.0 0.0 10.6
0.0 0.0 10.6
0.0 0.0 10.6
0.0 0.0 15.1
0.0 0.0 15.1
0.0 0.0 15.1
0.0 0.0 15.1
0.0 0.0 15.1
0.0 0.0 15.1
0.0 0.0 15.1
0.0 0.0 15.1
0.0 0.0 15.1
0.0 0.0 15.1
0.0 0.0 15.1
0.0 0.0 15.1
0.0 0.0 15.1
0.0 0.0 15.1
0.0 0.0 15.1
0.0 0.0 15.1
0.0 0.0 13.2
0.0 0.0 13.2
0.0 0.0 13.2
0.0 0.0 13.2
0.0 0.0 13.2
0.0 0.0 13.2
0.0 0.0 13.2
0.0 0.0 13.2
0.0 0.0 13.2
0.0 0.0 13.2
0.0 0.0 13.2
0.0 0.0 13.2
0.0 0.0 13.2
0.0 0.0 13.2
0.0 0.0 13.2
0.0 0.0 13.2
0.0 0.0 12.8
0.0 0.0 12.8
0.0 0.0 12.8
0.0 0.0 12.8
0.0 0.0 12.8
0.0 0.0 12.8
0.0 0.0 12.8
0.0 0.0 12.8
0.0 0.0 12.8
0.0 0.0 12.8
0.0 0.0 12.8
0.0 0.0 12.8
0.0 0.0 12.8
0.0 0.0 12.8
0.0 0.0 12.8
0.0 0.0 12.8
0.0 0.0 12.8
0.0 0.0 11.3
0.0 0.0 11.3
0.0 0.0 11.3
0.0 0.0 11.3
0.0 0.0 11.3
0.0 0.0 11.3
0.0 0.0 11.3
0.0 0.0 11.3
0.0 0.0 11.3
0.0 0.0 11.3
0.0 0.0 11.3
0.0 0.0 11.3
0.0 0.0 11.3
0.0 0.0 11.3
0.0 0.0 11.3
0.0 0.0 11.3
0.0 0.0 12.4
0.0 0.0 12.4
0.0 0.0 12.4
0.0 0.0 12.4
0.0 0.0 12.4
0.0 0.0 12.4
0.0 0.0 12.4
0.0 0.0 12.4
0.0 0.0 12.4
0.0 0.0 12.4
0.0 0.0 12.4
0.0 0.0 12.4
0.0 0.0 12.4
0.0 0.0 12.4
0.0 0.0 12.4
0.0 0.0 12.4
0.0 0.0 12.4
0.0 0.0 7.7
0.0 0.0 7.7
0.0 0.0 7.7
0.0 0.0 7.7
0.0 0.0 7.7
0.0 0.0 7.7
0.0 0.0 7.7
0.0 0.0 7.7
0.0 0.0 7.7
0.0 0.0 7.7
0.0 0.0 7.7
0.0 0.0 7.7
0.0 0.0 7.7
0.0 0.0 7.7
0.0 0.0 7.7
0.0 0.0 7.7
0.0 0.0 7.4
0.0 0.0 7.4
0.0 0.0 7.4
0.0 0.0 7.4
0.0 0.0 7.4
0.0 0.0 7.4
Numero de Fallas:0
0.0 0.0 0.0
0.0 0.0 0.0
0.0 0.0 0.0
0.0 0.0 0.0
0.0 0.0 0.0
0.0 0.0 0.0
0.0 0.0 0.0
0.0 0.0 0.0
0.0 0.0 0.0
0.0 0.0 0.0
0.0 0.0 0.0
0.0 0.0 0.0
0.0 0.0 0.0
0.0 0.0 0.0
0.0 0.0 0.0
0.0 0.0 0.0
0.0 0.0 0.0
0.0 0.0 0.0
0.0 0.0 0.0
0.0 0.0 0.0
0.0 0.0 0.0
0.0 0.0 0.0
0.0 0.0 0.0
0.0 0.0 0.0
0.0 0.0 0.0
0.0 0.0 0.0
0.0 0.0 0.0
0.0 0.0 0.0
0.0 0.0 0.0
0.0 0.0 0.0
0.0 0.0 16.1
0.0 0.0 16.1
0.0 0.0 16.1
0.0 0.0 16.1
0.0 0.0 16.1
0.0 0.0 16.1
0.0 0.0 16.1
0.0 0.0 16.1
0.0 0.0 16.1
0.0 0.0 16.1
0.0 0.0 16.1
0.0 0.0 16.1
0.0 0.0 16.1
0.0 0.0 16.1
0.0 0.0 16.1
0.0 0.0 16.1
0.0 0.0 16.1
0.0 0.0 15.9
0.0 0.0 15.9
0.0 0.0 15.9
0.0 0.0 15.9
0.0 0.0 15.9
0.0 0.0 15.9
0.0 0.0 15.9
0.0 0.0 15.9
0.0 0.0 15.9
0.0 0.0 15.9
0.0 0.0 15.9
0.0 0.0 15.9
0.0 0.0 15.9
0.0 0.0 15.9
0.0 0.0 15.9
0.0 0.0 15.9
0.0 0.0 15.9
0.0 0.0 21.4
0.0 0.0 21.4
0.0 0.0 21.4
0.0 0.0 21.4
0.0 0.0 21.4
0.0 0.0 21.4
0.0 0.0 21.4
0.0 0.0 21.4
0.0 0.0 21.4
0.0 0.0 21.4
0.0 0.0 21.4
0.0 0.0 21.4
0.0 0.0 21.4
0.0 0.0 21.4
0.0 0.0 21.4
0.0 0.0 21.4
0.0 0.0 21.4
0.0 0.0 10.8
0.0 0.0 10.8
0.0 0.0 10.8
0.0 0.0 10.8
0.0 0.0 10.8
0.0 0.0 10.8
0.0 0.0 10.8
0.0 0.0 10.8
0.0 0.0 10.8
0.0 0.0 10.8
0.0 0.0 10.8
0.0 0.0 10.8
0.0 0.0 10.8
16.0 0.0 10.8
0.0 0.0 10.8
0.0 0.0 10.8
0.0 0.0 10.8
0.0 0.0 3.4
0.0 0.0 3.4
0.0 0.0 3.4
0.0 0.0 3.4
0.0 0.0 3.4
0.0 0.0 3.4
0.0 0.0 3.4
0.0 0.0 3.4
0.0 0.0 3.4
0.0 0.0 3.4
0.0 0.0 3.4
0.0 0.0 3.4
0.0 0.0 3.4
0.0 0.0 3.4
0.0 0.0 3.4
0.0 0.0 3.4
0.0 0.0 3.7
0.0 0.0 3.7
0.0 0.0 3.7
0.0 0.0 3.7
0.0 0.0 3.7
0.0 0.0 3.7
0.0 0.0 3.7
0.0 0.0 3.7
0.0 0.0 3.7
0.0 0.0 3.7
0.0 0.0 3.7
0.0 0.0 3.7
0.0 0.0 3.7
0.0 0.0 3.7
0.0 0.0 3.7
0.0 0.0 3.7
0.0 0.0 3.7
0.0 0.0 12.2
0.0 0.0 12.2
0.0 0.0 12.2
0.0 0.0 12.2
0.0 0.0 12.2
0.0 0.0 12.2
0.0 0.0 12.2
0.0 0.0 12.2
0.0 0.0 12.2
0.0 0.0 12.2
0.0 0.0 12.2
0.0 0.0 12.2
0.0 0.0 12.2
0.0 0.0 12.2
0.0 0.0 12.2
0.0 0.0 12.2
0.0 0.0 12.2
0.0 0.0 13.3
0.0 0.0 13.3
0.0 0.0 13.3
0.0 0.0 13.3
0.0 0.0 13.3
0.0 0.0 13.3
0.0 0.0 13.3
0.0 0.0 13.3
0.0 0.0 13.3
0.0 0.0 13.3
0.0 0.0 13.3
0.0 0.0 13.3
0.0 0.0 13.3
0.0 0.0 13.3
0.0 0.0 13.3
0.0 0.0 13.3
0.0 0.0 9.7
0.0 0.0 9.7
0.0 0.0 9.7
0.0 0.0 9.7
0.0 0.0 9.7
0.0 0.0 9.7
0.0 0.0 9.7
0.0 0.0 9.7
0.0 0.0 9.7
0.0 0.0 9.7
0.0 0.0 9.7
0.0 0.0 9.7
0.0 0.0 9.7
0.0 0.0 9.7
0.0 0.0 9.7
0.0 0.0 9.7
0.0 0.0 9.7
0.0 0.0 12.1
0.0 0.0 12.1
0.0 0.0 12.1
0.0 0.0 12.1
0.0 0.0 12.1
0.0 0.0 12.1
0.0 0.0 12.1
0.0 0.0 12.1
0.0 0.0 12.1
0.0 0.0 12.1
0.0 0.0 12.1
0.0 0.0 12.1
0.0 0.0 12.1
0.0 0.0 12.1
0.0 0.0 12.1
0.0 0.0 12.1
0.0 0.0 11.6
0.0 0.0 11.6
0.0 0.0 11.6
0.0 0.0 11.6
0.0 0.0 11.6
0.0 0.0 11.6
0.0 0.0 11.6
0.0 0.0 11.6
0.0 0.0 11.6
0.0 0.0 11.6
0.0 0.0 11.6
0.0 0.0 11.6
0.0 0.0 11.6
0.0 0.0 11.6
0.0 0.0 11.6
0.0 0.0 11.6
0.0 0.0 10.5
0.0 0.0 10.5
0.0 0.0 10.5
0.0 0.0 10.5
0.0 0.0 10.5
0.0 0.0 10.5
0.0 0.0 10.5
0.0 0.0 10.5
0.0 0.0 10.5
0.0 0.0 10.5
0.0 0.0 10.5
16.0 0.0 10.5
0.0 0.0 10.5
0.0 0.0 10.5
0.0 0.0 10.5
0.0 0.0 10.5
16.0 0.0 4.2
0.0 0.0 4.2
0.0 0.0 4.2
0.0 0.0 4.2
0.0 0.0 4.2
0.0 0.0 4.2
0.0 0.0 4.2
0.0 0.0 4.2
0.0 0.0 4.2
0.0 0.0 4.2
0.0 0.0 4.2
0.0 0.0 4.2
0.0 0.0 4.2
0.0 0.0 4.2
0.0 0.0 4.2
0.0 0.0 4.2
0.0 0.0 4.2
0.0 0.0 6.2
0.0 0.0 6.2
0.0 0.0 6.2
0.0 0.0 6.2
0.0 0.0 6.2
0.0 0.0 6.2
0.0 0.0 6.2
0.0 0.0 6.2
0.0 0.0 6.2
0.0 0.0 6.2
0.0 0.0 6.2
0.0 0.0 6.2
0.0 0.0 6.2
0.0 0.0 6.2
0.0 0.0 6.2
0.0 0.0 6.2
0.0 0.0 10.5
0.0 0.0 10.5
0.0 0.0 10.5
0.0 0.0 10.5
0.0 0.0 10.5
0.0 0.0 10.5
0.0 0.0 10.5
0.0 0.0 10.5
0.0 0.0 10.5
0.0 0.0 10.5
0.0 0.0 10.5
0.0 0.0 10.5
0.0 0.0 10.5
0.0 0.0 10.5
0.0 0.0 10.5
0.0 0.0 10.5
0.0 0.0 10.5
0.0 0.0 11.7
0.0 0.0 11.7
0.0 0.0 11.7
0.0 0.0 11.7
0.0 0.0 11.7
0.0 0.0 11.7
0.0 0.0 11.7
0.0 0.0 11.7
0.0 0.0 11.7
0.0 0.0 11.7
0.0 0.0 11.7
0.0 0.0 11.7
0.0 0.0 11.7
0.0 0.0 11.7
0.0 0.0 11.7
16.0 0.0 11.7
0.0 0.0 3.9
0.0 0.0 3.9
0.0 0.0 3.9
0.0 0.0 3.9
0.0 0.0 3.9
0.0 0.0 3.9
0.0 0.0 3.9
0.0 0.0 3.9
0.0 0.0 3.9
0.0 0.0 3.9
0.0 0.0 3.9
0.0 0.0 3.9
0.0 0.0 3.9
0.0 0.0 3.9
0.0 0.0 3.9
0.0 0.0 3.9
0.0 0.0 3.9
0.0 0.0 6.9
0.0 0.0 6.9
0.0 0.0 6.9
0.0 0.0 6.9
0.0 0.0 6.9
0.0 0.0 6.9
0.0 0.0 6.9
0.0 0.0 6.9
0.0 0.0 6.9
0.0 0.0 6.9
0.0 0.0 6.9
0.0 0.0 6.9
0.0 0.0 6.9
0.0 0.0 6.9
0.0 0.0 6.9
0.0 0.0 6.9
0.0 0.0 10.5
0.0 0.0 10.5
0.0 0.0 10.5
0.0 0.0 10.5
0.0 0.0 10.5
0.0 0.0 10.5
0.0 0.0 10.5
0.0 0.0 10.5
0.0 0.0 10.5
0.0 0.0 10.5
0.0 0.0 10.5
0.0 0.0 10.5
0.0 0.0 10.5
0.0 0.0 10.5
0.0 0.0 10.5
0.0 0.0 10.5
0.0 0.0 10.5
0.0 0.0 20.2
0.0 0.0 20.2
0.0 0.0 20.2
0.0 0.0 20.2
0.0 0.0 20.2
0.0 0.0 20.2
0.0 0.0 20.2
0.0 0.0 20.2
0.0 0.0 20.2
0.0 0.0 20.2
0.0 0.0 20.2
0.0 0.0 20.2
0.0 0.0 20.2
0.0 0.0 20.2
0.0 0.0 20.2
0.0 0.0 20.2
0.0 0.0 17.9
0.0 0.0 17.9
0.0 0.0 17.9
0.0 0.0 17.9
0.0 0.0 17.9
0.0 0.0 17.9
0.0 0.0 17.9
0.0 0.0 17.9
0.0 0.0 17.9
0.0 0.0 17.9
0.0 0.0 17.9
0.0 0.0 17.9
0.0 0.0 17.9
0.0 0.0 17.9
0.0 0.0 17.9
0.0 0.0 17.9
0.0 0.0 17.9
0.0 0.0 12.8
0.0 0.0 12.8
0.0 0.0 12.8
0.0 0.0 12.8
0.0 0.0 12.8
0.0 0.0 12.8
0.0 0.0 12.8
0.0 0.0 12.8
0.0 0.0 12.8
0.0 0.0 12.8
0.0 0.0 12.8
0.0 0.0 12.8
0.0 0.0 12.8
0.0 0.0 12.8
15.0 0.0 12.8
0.0 0.0 12.8
0.0 0.0 13.6
0.0 0.0 13.6
0.0 0.0 13.6
0.0 0.0 13.6
0.0 0.0 13.6
0.0 0.0 13.6
Numero de Fallas:0
0.0 0.0 0.0
0.0 0.0 0.0
0.0 0.0 0.0
0.0 0.0 0.0
0.0 0.0 0.0
0.0 0.0 0.0
0.0 0.0 0.0
0.0 0.0 0.0
0.0 0.0 0.0
0.0 0.0 0.0
0.0 0.0 0.0
0.0 0.0 0.0
0.0 0.0 0.0
0.0 0.0 0.0
0.0 0.0 0.0
0.0 0.0 0.0
0.0 0.0 0.0
0.0 0.0 0.0
0.0 0.0 0.0
0.0 0.0 0.0
0.0 0.0 0.0
0.0 0.0 0.0
0.0 0.0 0.0
0.0 0.0 0.0
0.0 0.0 0.0
0.0 0.0 0.0
0.0 0.0 0.0
0.0 0.0 0.0
0.0 0.0 0.0
0.0 0.0 0.0
0.0 0.0 11.5
0.0 0.0 11.5
0.0 0.0 11.5
0.0 0.0 11.5
0.0 0.0 11.5
0.0 0.0 11.5
0.0 0.0 11.5
0.0 0.0 11.5
0.0 0.0 11.5
0.0 0.0 11.5
0.0 0.0 11.5
0.0 0.0 11.5
0.0 0.0 11.5
0.0 0.0 11.5
0.0 0.0 11.5
0.0 0.0 11.5
0.0 0.0 10.7
0.0 0.0 10.7
0.0 0.0 10.7
0.0 0.0 10.7
0.0 0.0 10.7
0.0 0.0 10.7
0.0 0.0 10.7
0.0 0.0 10.7
0.0 0.0 10.7
0.0 0.0 10.7
0.0 0.0 10.7
0.0 0.0 10.7
0.0 0.0 10.7
0.0 0.0 10.7
0.0 0.0 10.7
0.0 0.0 10.7
0.0 0.0 10.7
0.0 0.0 12.6
0.0 0.0 12.6
0.0 0.0 12.6
0.0 0.0 12.6
0.0 0.0 12.6
0.0 0.0 12.6
0.0 0.0 12.6
0.0 0.0 12.6
0.0 0.0 12.6
0.0 0.0 12.6
0.0 0.0 12.6
0.0 0.0 12.6
0.0 0.0 12.6
0.0 0.0 12.6
0.0 0.0 12.6
0.0 0.0 12.6
0.0 0.0 12.6
0.0 0.0 9.3
0.0 0.0 9.3
0.0 0.0 9.3
0.0 0.0 9.3
0.0 0.0 9.3
0.0 0.0 9.3
0.0 0.0 9.3
0.0 0.0 9.3
0.0 0.0 9.3
0.0 0.0 9.3
0.0 0.0 9.3
0.0 0.0 9.3
0.0 0.0 9.3
0.0 0.0 9.3
0.0 0.0 9.3
0.0 0.0 9.3
0.0 0.0 15.7
0.0 0.0 15.7
0.0 0.0 15.7
0.0 0.0 15.7
0.0 0.0 15.7
0.0 0.0 15.7
0.0 0.0 15.7
0.0 0.0 15.7
0.0 0.0 15.7
0.0 0.0 15.7
0.0 0.0 15.7
0.0 0.0 15.7
0.0 0.0 15.7
0.0 0.0 15.7
0.0 0.0 15.7
0.0 0.0 15.7
0.0 0.0 15.7
0.0 0.0 8.2
0.0 0.0 8.2
0.0 0.0 8.2
0.0 0.0 8.2
0.0 0.0 8.2
0.0 0.0 8.2
0.0 0.0 8.2
0.0 0.0 8.2
0.0 0.0 8.2
0.0 0.0 8.2
0.0 0.0 8.2
0.0 0.0 8.2
0.0 0.0 8.2
0.0 0.0 8.2
0.0 0.0 8.2
0.0 0.0 8.2
0.0 0.0 8.2
0.0 0.0 13.3
0.0 0.0 13.3
0.0 0.0 13.3
0.0 0.0 13.3
0.0 0.0 13.3
0.0 0.0 13.3
0.0 0.0 13.3
0.0 0.0 13.3
0.0 0.0 13.3
0.0 0.0 13.3
0.0 0.0 13.3
0.0 0.0 13.3
0.0 0.0 13.3
0.0 0.0 13.3
0.0 0.0 13.3
0.0 0.0 13.3
0.0 0.0 14.1
0.0 0.0 14.1
0.0 0.0 14.1
0.0 0.0 14.1
0.0 0.0 14.1
0.0 0.0 14.1
0.0 0.0 14.1
0.0 0.0 14.1
0.0 0.0 14.1
0.0 0.0 14.1
0.0 0.0 14.1
0.0 0.0 14.1
0.0 0.0 14.1
0.0 0.0 14.1
0.0 0.0 14.1
0.0 0.0 14.1
0.0 0.0 14.1
0.0 0.0 12.6
0.0 0.0 12.6
0.0 0.0 12.6
0.0 0.0 12.6
0.0 0.0 12.6
0.0 0.0 12.6
0.0 0.0 12.6
0.0 0.0 12.6
0.0 0.0 12.6
0.0 0.0 12.6
0.0 0.0 12.6
0.0 0.0 12.6
0.0 0.0 12.6
0.0 0.0 12.6
0.0 0.0 12.6
0.0 0.0 12.6
0.0 0.0 12.6
0.0 0.0 10.0
0.0 0.0 10.0
0.0 0.0 10.0
0.0 0.0 10.0
0.0 0.0 10.0
0.0 0.0 10.0
0.0 0.0 10.0
0.0 0.0 10.0
0.0 0.0 10.0
0.0 0.0 10.0
0.0 0.0 10.0
0.0 0.0 10.0
16.0 0.0 10.0
0.0 0.0 10.0
0.0 0.0 10.0
0.0 0.0 10.0
0.0 0.0 23.2
0.0 0.0 23.2
0.0 0.0 23.2
0.0 0.0 23.2
0.0 0.0 23.2
0.0 0.0 23.2
0.0 0.0 23.2
0.0 0.0 23.2
0.0 0.0 23.2
0.0 0.0 23.2
0.0 0.0 23.2
0.0 0.0 23.2
0.0 0.0 23.2
0.0 0.0 23.2
0.0 0.0 23.2
0.0 0.0 23.2
0.0 0.0 23.2
0.0 0.0 11.5
0.0 0.0 11.5
0.0 0.0 11.5
0.0 0.0 11.5
0.0 0.0 11.5
0.0 0.0 11.5
0.0 0.0 11.5
0.0 0.0 11.5
0.0 0.0 11.5
0.0 0.0 11.5
0.0 0.0 11.5
0.0 0.0 11.5
0.0 0.0 11.5
0.0 0.0 11.5
0.0 0.0 11.5
0.0 0.0 11.5
0.0 0.0 11.6
0.0 0.0 11.6
0.0 0.0 11.6
0.0 0.0 11.6
0.0 0.0 11.6
0.0 0.0 11.6
0.0 0.0 11.6
0.0 0.0 11.6
0.0 0.0 11.6
0.0 0.0 11.6
0.0 0.0 11.6
0.0 0.0 11.6
0.0 0.0 11.6
0.0 0.0 11.6
0.0 0.0 11.6
0.0 0.0 11.6
0.0 0.0 11.6
0.0 0.0 8.0
0.0 0.0 8.0
0.0 0.0 8.0
0.0 0.0 8.0
0.0 0.0 8.0
0.0 0.0 8.0
0.0 0.0 8.0
0.0 0.0 8.0
0.0 0.0 8.0
0.0 0.0 8.0
0.0 0.0 8.0
0.0 0.0 8.0
0.0 0.0 8.0
0.0 0.0 8.0
0.0 0.0 8.0
0.0 0.0 8.0
0.0 0.0 0.0
0.0 0.0 0.0
0.0 0.0 0.0
0.0 0.0 0.0
0.0 0.0 0.0
0.0 0.0 0.0
0.0 0.0 0.0
0.0 0.0 0.0
0.0 0.0 0.0
0.0 0.0 0.0
0.0 0.0 0.0
0.0 0.0 0.0
0.0 0.0 0.0
0.0 0.0 0.0
0.0 0.0 0.0
0.0 0.0 0.0
0.0 0.0 0.0
0.0 0.0 6.9
0.0 0.0 6.9
0.0 0.0 6.9
0.0 0.0 6.9
0.0 0.0 6.9
0.0 0.0 6.9
0.0 0.0 6.9
0.0 0.0 6.9
0.0 0.0 6.9
0.0 0.0 6.9
0.0 0.0 6.9
0.0 0.0 6.9
0.0 0.0 6.9
0.0 0.0 6.9
0.0 0.0 6.9
0.0 0.0 6.9
0.0 0.0 12.8
0.0 0.0 12.8
0.0 0.0 12.8
0.0 0.0 12.8
0.0 0.0 12.8
0.0 0.0 12.8
0.0 0.0 12.8
0.0 0.0 12.8
0.0 0.0 12.8
0.0 0.0 12.8
0.0 0.0 12.8
0.0 0.0 12.8
0.0 0.0 12.8
0.0 0.0 12.8
0.0 0.0 12.8
0.0 0.0 12.8
0.0 0.0 12.8
0.0 0.0 13.2
0.0 0.0 13.2
0.0 0.0 13.2
0.0 0.0 13.2
0.0 0.0 13.2
0.0 0.0 13.2
0.0 0.0 13.2
0.0 0.0 13.2
0.0 0.0 13.2
0.0 0.0 13.2
0.0 0.0 13.2
0.0 0.0 13.2
0.0 0.0 13.2
0.0 0.0 13.2
0.0 0.0 13.2
0.0 0.0 13.2
0.0 0.0 12.0
0.0 0.0 12.0
0.0 0.0 12.0
0.0 0.0 12.0
0.0 0.0 12.0
0.0 0.0 12.0
0.0 0.0 12.0
0.0 0.0 12.0
0.0 0.0 12.0
0.0 0.0 12.0
0.0 0.0 12.0
0.0 0.0 12.0
0.0 0.0 12.0
0.0 0.0 12.0
0.0 0.0 12.0
0.0 0.0 12.0
0.0 0.0 12.0
0.0 0.0 13.9
0.0 0.0 13.9
0.0 0.0 13.9
0.0 0.0 13.9
0.0 0.0 13.9
0.0 0.0 13.9
0.0 0.0 13.9
0.0 0.0 13.9
0.0 0.0 13.9
0.0 0.0 13.9
0.0 0.0 13.9
0.0 0.0 13.9
0.0 0.0 13.9
0.0 0.0 13.9
0.0 0.0 13.9
0.0 0.0 13.9
0.0 0.0 12.4
0.0 0.0 12.4
0.0 0.0 12.4
0.0 0.0 12.4
0.0 0.0 12.4
0.0 0.0 12.4
0.0 0.0 12.4
0.0 0.0 12.4
0.0 0.0 12.4
0.0 0.0 12.4
0.0 0.0 12.4
0.0 0.0 12.4
0.0 0.0 12.4
0.0 0.0 12.4
0.0 0.0 12.4
0.0 0.0 12.4
0.0 0.0 12.4
0.0 0.0 13.6
0.0 0.0 13.6
0.0 0.0 13.6
0.0 0.0 13.6
0.0 0.0 13.6
0.0 0.0 13.6
0.0 0.0 13.6
0.0 0.0 13.6
0.0 0.0 13.6
0.0 16.0 13.6
0.0 0.0 13.6
0.0 0.0 13.6
0.0 0.0 13.6
0.0 0.0 13.6
0.0 0.0 13.6
0.0 0.0 13.6
0.0 0.0 1.5
0.0 0.0 1.5
0.0 0.0 1.5
0.0 0.0 1.5
0.0 0.0 1.5
0.0 0.0 1.5
Numero de Fallas:0
0.0 0.0 0.0
0.0 0.0 0.0
0.0 0.0 0.0
0.0 0.0 0.0
0.0 0.0 0.0
0.0 0.0 0.0
0.0 0.0 0.0
0.0 0.0 0.0
0.0 0.0 0.0
0.0 0.0 0.0
0.0 0.0 0.0
0.0 0.0 0.0
0.0 0.0 0.0
0.0 0.0 0.0
0.0 0.0 0.0
0.0 0.0 0.0
0.0 0.0 0.0
0.0 0.0 0.0
0.0 0.0 0.0
0.0 0.0 0.0
0.0 0.0 0.0
0.0 0.0 0.0
0.0 0.0 0.0
0.0 0.0 0.0
0.0 0.0 0.0
0.0 0.0 0.0
0.0 0.0 0.0
0.0 0.0 0.0
0.0 0.0 0.0
0.0 0.0 0.0
0.0 0.0 0.0
0.0 0.0 10.7
0.0 0.0 10.7
0.0 0.0 10.7
0.0 0.0 10.7
0.0 0.0 10.7
0.0 0.0 10.7
0.0 0.0 10.7
0.0 0.0 10.7
0.0 0.0 10.7
0.0 0.0 10.7
0.0 0.0 10.7
0.0 0.0 10.7
0.0 0.0 10.7
0.0 0.0 10.7
0.0 0.0 10.7
0.0 0.0 10.7
0.0 0.0 10.7
0.0 0.0 28.0
0.0 0.0 28.0
0.0 0.0 28.0
0.0 0.0 28.0
0.0 0.0 28.0
0.0 0.0 28.0
0.0 0.0 28.0
0.0 0.0 28.0
0.0 0.0 28.0
0.0 0.0 28.0
0.0 0.0 28.0
0.0 0.0 28.0
0.0 0.0 28.0
0.0 0.0 28.0
0.0 0.0 28.0
0.0 0.0 28.0
0.0 0.0 11.8
0.0 0.0 11.8
0.0 0.0 11.8
0.0 0.0 11.8
0.0 0.0 11.8
0.0 0.0 11.8
0.0 0.0 11.8
0.0 0.0 11.8
0.0 0.0 11.8
0.0 0.0 11.8
0.0 0.0 11.8
0.0 0.0 11.8
0.0 0.0 11.8
0.0 0.0 11.8
0.0 0.0 11.8
0.0 0.0 11.8
0.0 0.0 14.0
0.0 0.0 14.0
0.0 0.0 14.0
0.0 0.0 14.0
0.0 0.0 14.0
0.0 0.0 14.0
0.0 0.0 14.0
0.0 0.0 14.0
0.0 0.0 14.0
0.0 0.0 14.0
0.0 0.0 14.0
0.0 0.0 14.0
0.0 0.0 14.0
0.0 0.0 14.0
0.0 0.0 14.0
0.0 0.0 14.0
0.0 0.0 14.0
0.0 0.0 11.1
0.0 0.0 11.1
0.0 0.0 11.1
0.0 0.0 11.1
0.0 0.0 11.1
0.0 0.0 11.1
0.0 0.0 11.1
0.0 0.0 11.1
0.0 0.0 11.1
0.0 0.0 11.1
0.0 0.0 11.1
0.0 0.0 11.1
0.0 0.0 11.1
0.0 0.0 11.1
0.0 0.0 11.1
0.0 0.0 11.1
0.0 0.0 11.1
0.0 0.0 12.2
0.0 0.0 12.2
0.0 0.0 12.2
0.0 0.0 12.2
0.0 0.0 12.2
0.0 0.0 12.2
0.0 0.0 12.2
0.0 0.0 12.2
0.0 0.0 12.2
0.0 0.0 12.2
0.0 0.0 12.2
0.0 0.0 12.2
0.0 0.0 12.2
0.0 0.0 12.2
0.0 0.0 12.2
0.0 0.0 12.2
0.0 0.0 12.2
0.0 0.0 15.9
0.0 0.0 15.9
0.0 0.0 15.9
0.0 0.0 15.9
0.0 0.0 15.9
0.0 0.0 15.9
0.0 0.0 15.9
0.0 0.0 15.9
0.0 0.0 15.9
0.0 0.0 15.9
0.0 0.0 15.9
0.0 0.0 15.9
0.0 0.0 15.9
0.0 0.0 15.9
0.0 0.0 15.9
0.0 0.0 15.9
0.0 0.0 15.9
0.0 0.0 13.3
0.0 0.0 13.3
0.0 0.0 13.3
0.0 0.0 13.3
0.0 0.0 13.3
0.0 0.0 13.3
0.0 0.0 13.3
0.0 0.0 13.3
0.0 0.0 13.3
0.0 0.0 13.3
0.0 0.0 13.3
0.0 0.0 13.3
0.0 0.0 13.3
0.0 0.0 13.3
0.0 0.0 13.3
0.0 0.0 13.3
0.0 0.0 13.6
0.0 0.0 13.6
0.0 0.0 13.6
0.0 0.0 13.6
0.0 0.0 13.6
0.0 0.0 13.6
0.0 0.0 13.6
0.0 0.0 13.6
0.0 0.0 13.6
0.0 0.0 13.6
0.0 0.0 13.6
0.0 0.0 13.6
0.0 0.0 13.6
0.0 0.0 13.6
0.0 0.0 13.6
0.0 0.0 13.6
0.0 0.0 13.6
0.0 0.0 13.6
0.0 0.0 13.6
0.0 0.0 13.6
0.0 0.0 13.6
0.0 0.0 13.6
0.0 0.0 13.6
0.0 0.0 13.6
0.0 0.0 13.6
0.0 0.0 13.6
0.0 0.0 13.6
0.0 0.0 13.6
0.0 0.0 13.6
0.0 0.0 13.6
0.0 0.0 13.6
0.0 0.0 13.6
0.0 0.0 13.6
0.0 0.0 12.4
0.0 0.0 12.4
0.0 0.0 12.4
0.0 0.0 12.4
0.0 0.0 12.4
0.0 0.0 12.4
0.0 0.0 12.4
0.0 0.0 12.4
0.0 0.0 12.4
0.0 0.0 12.4
0.0 0.0 12.4
0.0 0.0 12.4
0.0 0.0 12.4
0.0 0.0 12.4
0.0 0.0 12.4
0.0 0.0 12.4
0.0 0.0 12.4
0.0 0.0 12.8
0.0 0.0 12.8
0.0 0.0 12.8
0.0 0.0 12.8
0.0 0.0 12.8
0.0 0.0 12.8
0.0 0.0 12.8
0.0 0.0 12.8
0.0 0.0 12.8
0.0 0.0 12.8
0.0 0.0 12.8
0.0 0.0 12.8
0.0 0.0 12.8
0.0 0.0 12.8
0.0 0.0 12.8
0.0 0.0 12.8
0.0 0.0 11.6
0.0 0.0 11.6
0.0 0.0 11.6
0.0 0.0 11.6
0.0 0.0 11.6
0.0 0.0 11.6
0.0 0.0 11.6
0.0 0.0 11.6
0.0 0.0 11.6
0.0 0.0 11.6
0.0 0.0 11.6
0.0 0.0 11.6
0.0 0.0 11.6
0.0 0.0 11.6
0.0 0.0 11.6
0.0 0.0 11.6
0.0 0.0 11.6
0.0 0.0 13.6
0.0 0.0 13.6
0.0 0.0 13.6
0.0 0.0 13.6
0.0 0.0 13.6
0.0 0.0 13.6
0.0 0.0 13.6
0.0 0.0 13.6
0.0 0.0 13.6
0.0 0.0 13.6
0.0 0.0 13.6
0.0 0.0 13.6
0.0 0.0 13.6
0.0 0.0 13.6
0.0 0.0 13.6
0.0 0.0 13.6
0.0 0.0 26.4
0.0 0.0 26.4
0.0 0.0 26.4
0.0 0.0 26.4
0.0 0.0 26.4
0.0 0.0 26.4
0.0 0.0 26.4
0.0 0.0 26.4
0.0 0.0 26.4
0.0 0.0 26.4
0.0 0.0 26.4
0.0 0.0 26.4
0.0 0.0 26.4
0.0 0.0 26.4
0.0 0.0 26.4
0.0 0.0 26.4
0.0 0.0 26.4
0.0 0.0 12.8
0.0 0.0 12.8
0.0 0.0 12.8
0.0 0.0 12.8
0.0 0.0 12.8
0.0 0.0 12.8
0.0 0.0 12.8
0.0 0.0 12.8
0.0 0.0 12.8
0.0 0.0 12.8
0.0 0.0 12.8
0.0 0.0 12.8
0.0 0.0 12.8
0.0 0.0 12.8
0.0 0.0 12.8
0.0 0.0 12.8
0.0 0.0 11.2
0.0 0.0 11.2
0.0 0.0 11.2
0.0 0.0 11.2
0.0 0.0 11.2
0.0 0.0 11.2
0.0 0.0 11.2
0.0 0.0 11.2
0.0 0.0 11.2
0.0 0.0 11.2
0.0 0.0 11.2
0.0 0.0 11.2
0.0 0.0 11.2
0.0 0.0 11.2
0.0 0.0 11.2
0.0 0.0 11.2
0.0 0.0 11.2
0.0 0.0 12.8
0.0 0.0 12.8
0.0 0.0 12.8
0.0 0.0 12.8
0.0 0.0 12.8
0.0 0.0 12.8
0.0 0.0 12.8
0.0 0.0 12.8
0.0 0.0 12.8
0.0 0.0 12.8
0.0 0.0 12.8
0.0 0.0 12.8
0.0 0.0 12.8
0.0 0.0 12.8
0.0 0.0 12.8
0.0 0.0 12.8
0.0 0.0 13.2
0.0 0.0 13.2
0.0 0.0 13.2
0.0 0.0 13.2
0.0 0.0 13.2
0.0 0.0 13.2
0.0 0.0 13.2
0.0 0.0 13.2
0.0 0.0 13.2
0.0 0.0 13.2
0.0 0.0 13.2
0.0 0.0 13.2
0.0 0.0 13.2
0.0 0.0 13.2
0.0 0.0 13.2
0.0 0.0 13.2
0.0 0.0 13.2
0.0 0.0 13.2
0.0 0.0 13.2
0.0 0.0 13.2
0.0 0.0 13.2
0.0 0.0 13.2
0.0 0.0 13.2
0.0 0.0 13.2
0.0 0.0 13.2
0.0 0.0 13.2
0.0 0.0 13.2
0.0 0.0 13.2
0.0 0.0 13.2
0.0 0.0 13.2
0.0 0.0 13.2
0.0 0.0 13.2
0.0 0.0 13.2
0.0 0.0 10.9
0.0 0.0 10.9
0.0 0.0 10.9
0.0 0.0 10.9
0.0 0.0 10.9
0.0 0.0 10.9
0.0 0.0 10.9
0.0 0.0 10.9
0.0 0.0 10.9
0.0 0.0 10.9
0.0 0.0 10.9
0.0 0.0 10.9
0.0 0.0 10.9
0.0 0.0 10.9
0.0 0.0 10.9
0.0 0.0 10.9
0.0 0.0 10.9
0.0 0.0 11.7
0.0 0.0 11.7
0.0 0.0 11.7
0.0 0.0 11.7
0.0 0.0 11.7
0.0 0.0 11.7
0.0 0.0 11.7
0.0 0.0 11.7
0.0 0.0 11.7
0.0 0.0 11.7
0.0 0.0 11.7
0.0 0.0 11.7
0.0 0.0 11.7
0.0 0.0 11.7
0.0 0.0 11.7
0.0 0.0 11.7
0.0 0.0 13.6
0.0 0.0 13.6
0.0 0.0 13.6
0.0 0.0 13.6
0.0 0.0 13.6
Numero de Fallas:0
0.0 0.0 0.0
0.0 0.0 0.0
0.0 0.0 0.0
0.0 0.0 0.0
0.0 0.0 0.0
0.0 0.0 0.0
0.0 0.0 0.0
0.0 0.0 0.0
0.0 0.0 0.0
0.0 0.0 0.0
0.0 0.0 0.0
0.0 0.0 0.0
0.0 0.0 0.0
0.0 0.0 0.0
0.0 0.0 0.0
0.0 0.0 0.0
0.0 0.0 0.0
0.0 0.0 0.0
0.0 0.0 0.0
0.0 0.0 0.0
0.0 0.0 0.0
0.0 0.0 0.0
0.0 0.0 0.0
0.0 0.0 0.0
0.0 0.0 0.0
0.0 0.0 0.0
0.0 0.0 0.0
0.0 0.0 0.0
0.0 0.0 0.0
0.0 0.0 0.0
0.0 0.0 0.0
0.0 0.0 18.3
0.0 0.0 18.3
0.0 0.0 18.3
0.0 0.0 18.3
0.0 0.0 18.3
0.0 0.0 18.3
0.0 0.0 18.3
0.0 0.0 18.3
0.0 0.0 18.3
0.0 0.0 18.3
0.0 0.0 18.3
0.0 0.0 18.3
0.0 0.0 18.3
0.0 0.0 18.3
0.0 0.0 18.3
0.0 0.0 18.3
0.0 0.0 18.3
0.0 0.0 12.6
0.0 0.0 12.6
0.0 0.0 12.6
0.0 0.0 12.6
0.0 0.0 12.6
0.0 0.0 12.6
0.0 0.0 12.6
0.0 0.0 12.6
0.0 0.0 12.6
0.0 0.0 12.6
0.0 0.0 12.6
0.0 0.0 12.6
0.0 0.0 12.6
0.0 0.0 12.6
0.0 0.0 12.6
0.0 0.0 12.6
0.0 0.0 12.6
0.0 0.0 18.5
0.0 0.0 18.5
0.0 0.0 18.5
0.0 0.0 18.5
0.0 0.0 18.5
0.0 0.0 18.5
0.0 0.0 18.5
0.0 0.0 18.5
0.0 0.0 18.5
0.0 0.0 18.5
0.0 0.0 18.5
0.0 0.0 18.5
0.0 0.0 18.5
0.0 0.0 18.5
0.0 0.0 18.5
0.0 0.0 18.5
0.0 0.0 14.2
0.0 0.0 14.2
0.0 0.0 14.2
0.0 0.0 14.2
0.0 0.0 14.2
0.0 0.0 14.2
0.0 0.0 14.2
0.0 0.0 14.2
0.0 0.0 14.2
0.0 0.0 14.2
0.0 0.0 14.2
0.0 0.0 14.2
0.0 0.0 14.2
0.0 0.0 14.2
0.0 0.0 14.2
0.0 0.0 14.2
0.0 0.0 14.2
0.0 0.0 12.6
0.0 0.0 12.6
0.0 0.0 12.6
0.0 0.0 12.6
0.0 0.0 12.6
0.0 0.0 12.6
0.0 0.0 12.6
0.0 0.0 12.6
0.0 0.0 12.6
0.0 0.0 12.6
0.0 0.0 12.6
0.0 0.0 12.6
0.0 0.0 12.6
0.0 0.0 12.6
0.0 0.0 12.6
0.0 0.0 12.6
0.0 0.0 12.6
0.0 0.0 13.3
0.0 0.0 13.3
0.0 0.0 13.3
0.0 0.0 13.3
0.0 0.0 13.3
0.0 0.0 13.3
0.0 0.0 13.3
0.0 0.0 13.3
0.0 0.0 13.3
0.0 0.0 13.3
0.0 0.0 13.3
0.0 0.0 13.3
0.0 0.0 13.3
0.0 0.0 13.3
0.0 0.0 13.3
0.0 0.0 13.3
0.0 0.0 12.0
0.0 0.0 12.0
0.0 0.0 12.0
0.0 0.0 12.0
0.0 0.0 12.0
0.0 0.0 12.0
0.0 0.0 12.0
0.0 0.0 12.0
0.0 0.0 12.0
0.0 0.0 12.0
0.0 0.0 12.0
0.0 0.0 12.0
0.0 0.0 12.0
0.0 0.0 12.0
0.0 0.0 12.0
0.0 0.0 12.0
0.0 0.0 12.0
0.0 0.0 15.8
0.0 0.0 15.8
0.0 0.0 15.8
0.0 0.0 15.8
0.0 0.0 15.8
0.0 0.0 15.8
0.0 0.0 15.8
0.0 0.0 15.8
0.0 0.0 15.8
0.0 0.0 15.8
0.0 0.0 15.8
0.0 0.0 15.8
0.0 0.0 15.8
0.0 0.0 15.8
0.0 0.0 15.8
0.0 0.0 15.8
0.0 0.0 12.0
0.0 0.0 12.0
0.0 0.0 12.0
0.0 0.0 12.0
0.0 0.0 12.0
0.0 0.0 12.0
0.0 0.0 12.0
0.0 0.0 12.0
0.0 0.0 12.0
0.0 0.0 12.0
0.0 0.0 12.0
0.0 0.0 12.0
0.0 0.0 12.0
0.0 0.0 12.0
0.0 0.0 12.0
0.0 0.0 12.0
0.0 0.0 12.0
0.0 0.0 12.8
0.0 0.0 12.8
0.0 0.0 12.8
0.0 0.0 12.8
0.0 0.0 12.8
0.0 0.0 12.8
0.0 0.0 12.8
0.0 0.0 12.8
0.0 0.0 12.8
0.0 0.0 12.8
0.0 0.0 12.8
0.0 0.0 12.8
0.0 0.0 12.8
0.0 0.0 12.8
0.0 0.0 12.8
0.0 0.0 12.8
0.0 0.0 13.2
0.0 0.0 13.2
0.0 0.0 13.2
0.0 0.0 13.2
0.0 0.0 13.2
0.0 0.0 13.2
0.0 0.0 13.2
0.0 0.0 13.2
0.0 0.0 13.2
0.0 0.0 13.2
0.0 0.0 13.2
0.0 0.0 13.2
0.0 0.0 13.2
0.0 0.0 13.2
0.0 0.0 13.2
0.0 0.0 13.2
0.0 0.0 13.2
0.0 0.0 15.8
0.0 0.0 15.8
0.0 0.0 15.8
0.0 0.0 15.8
0.0 0.0 15.8
0.0 0.0 15.8
0.0 0.0 15.8
0.0 0.0 15.8
0.0 0.0 15.8
0.0 0.0 15.8
0.0 0.0 15.8
0.0 0.0 15.8
0.0 0.0 15.8
0.0 0.0 15.8
0.0 0.0 15.8
0.0 0.0 15.8
0.0 0.0 12.4
0.0 0.0 12.4
0.0 0.0 12.4
0.0 0.0 12.4
0.0 0.0 12.4
0.0 0.0 12.4
0.0 0.0 12.4
0.0 0.0 12.4
0.0 0.0 12.4
0.0 0.0 12.4
0.0 0.0 12.4
0.0 0.0 12.4
0.0 0.0 12.4
0.0 0.0 12.4
0.0 0.0 12.4
0.0 0.0 12.4
0.0 0.0 12.4
0.0 0.0 13.2
0.0 0.0 13.2
0.0 0.0 13.2
0.0 0.0 13.2
0.0 0.0 13.2
0.0 0.0 13.2
0.0 0.0 13.2
0.0 0.0 13.2
0.0 0.0 13.2
0.0 0.0 13.2
0.0 0.0 13.2
0.0 0.0 13.2
0.0 0.0 13.2
0.0 0.0 13.2
0.0 0.0 13.2
0.0 0.0 13.2
0.0 0.0 10.5
0.0 0.0 10.5
0.0 0.0 10.5
0.0 0.0 10.5
0.0 0.0 10.5
0.0 0.0 10.5
0.0 0.0 10.5
0.0 0.0 10.5
0.0 0.0 10.5
0.0 0.0 10.5
0.0 0.0 10.5
0.0 0.0 10.5
0.0 0.0 10.5
0.0 0.0 10.5
0.0 0.0 10.5
0.0 0.0 10.5
0.0 0.0 10.5
0.0 0.0 37.5
0.0 0.0 37.5
0.0 0.0 37.5
0.0 0.0 37.5
0.0 0.0 37.5
0.0 0.0 37.5
0.0 0.0 37.5
0.0 0.0 37.5
0.0 0.0 37.5
0.0 0.0 37.5
0.0 0.0 37.5
0.0 0.0 37.5
0.0 0.0 37.5
0.0 0.0 37.5
0.0 0.0 37.5
0.0 0.0 37.5
0.0 0.0 37.5
0.0 0.0 16.3
0.0 0.0 16.3
0.0 0.0 16.3
0.0 0.0 16.3
0.0 0.0 16.3
0.0 0.0 16.3
0.0 0.0 16.3
0.0 0.0 16.3
0.0 0.0 16.3
0.0 0.0 16.3
0.0 0.0 16.3
0.0 0.0 16.3
0.0 0.0 16.3
0.0 0.0 16.3
0.0 0.0 16.3
0.0 0.0 16.3
0.0 0.0 16.3
0.0 0.0 13.2
0.0 0.0 13.2
0.0 0.0 13.2
0.0 0.0 13.2
0.0 0.0 13.2
0.0 0.0 13.2
0.0 0.0 13.2
0.0 0.0 13.2
0.0 0.0 13.2
0.0 0.0 13.2
0.0 0.0 13.2
0.0 0.0 13.2
0.0 0.0 13.2
0.0 0.0 13.2
0.0 0.0 13.2
0.0 0.0 13.2
0.0 0.0 14.0
0.0 0.0 14.0
0.0 0.0 14.0
0.0 0.0 14.0
0.0 0.0 14.0
0.0 0.0 14.0
0.0 0.0 14.0
0.0 0.0 14.0
0.0 0.0 14.0
0.0 0.0 14.0
0.0 0.0 14.0
0.0 0.0 14.0
0.0 0.0 14.0
0.0 0.0 14.0
0.0 0.0 14.0
0.0 0.0 14.0
0.0 0.0 14.0
0.0 0.0 12.4
0.0 0.0 12.4
0.0 0.0 12.4
0.0 0.0 12.4
0.0 0.0 12.4
0.0 0.0 12.4
0.0 0.0 12.4
0.0 0.0 12.4
0.0 0.0 12.4
0.0 0.0 12.4
0.0 0.0 12.4
0.0 0.0 12.4
0.0 0.0 12.4
0.0 0.0 12.4
0.0 0.0 12.4
0.0 0.0 12.4
0.0 0.0 14.7
0.0 0.0 14.7
0.0 0.0 14.7
0.0 0.0 14.7
0.0 0.0 14.7
0.0 0.0 14.7
0.0 0.0 14.7
0.0 0.0 14.7
0.0 0.0 14.7
0.0 0.0 14.7
0.0 0.0 14.7
0.0 0.0 14.7
0.0 0.0 14.7
0.0 0.0 14.7
0.0 0.0 14.7
0.0 0.0 14.7
0.0 0.0 14.7
0.0 0.0 11.7
0.0 0.0 11.7
0.0 0.0 11.7
0.0 0.0 11.7
0.0 0.0 11.7
0.0 0.0 11.7
0.0 0.0 11.7
0.0 0.0 11.7
0.0 0.0 11.7
0.0 0.0 11.7
0.0 0.0 11.7
0.0 0.0 11.7
0.0 0.0 11.7
0.0 0.0 11.7
0.0 0.0 11.7
0.0 0.0 11.7
0.0 0.0 13.2
0.0 0.0 13.2
0.0 0.0 13.2
0.0 0.0 13.2
Numero de Fallas:0
0.0 0.0 0.0
0.0 0.0 0.0
0.0 0.0 0.0
0.0 0.0 0.0
0.0 0.0 0.0
0.0 0.0 0.0
0.0 0.0 0.0
0.0 0.0 0.0
0.0 0.0 0.0
0.0 0.0 0.0
0.0 0.0 0.0
0.0 0.0 0.0
0.0 0.0 0.0
0.0 0.0 0.0
0.0 0.0 0.0
0.0 0.0 0.0
0.0 0.0 0.0
0.0 0.0 0.0
0.0 0.0 0.0
0.0 0.0 0.0
0.0 0.0 0.0
0.0 0.0 0.0
0.0 0.0 0.0
0.0 0.0 0.0
0.0 0.0 0.0
0.0 0.0 0.0
0.0 0.0 0.0
0.0 0.0 0.0
0.0 0.0 0.0
0.0 0.0 0.0
0.0 0.0 0.0
0.0 0.0 0.0
0.0 0.0 14.1
0.0 0.0 14.1
0.0 0.0 14.1
0.0 0.0 14.1
0.0 0.0 14.1
0.0 0.0 14.1
0.0 0.0 14.1
0.0 0.0 14.1
0.0 0.0 14.1
0.0 0.0 14.1
0.0 0.0 14.1
0.0 0.0 14.1
0.0 0.0 14.1
0.0 0.0 14.1
0.0 0.0 14.1
0.0 0.0 14.1
0.0 0.0 14.1
0.0 0.0 11.9
0.0 0.0 11.9
0.0 0.0 11.9
0.0 0.0 11.9
0.0 0.0 11.9
0.0 0.0 11.9
0.0 0.0 11.9
0.0 0.0 11.9
0.0 0.0 11.9
0.0 0.0 11.9
0.0 0.0 11.9
0.0 0.0 11.9
0.0 0.0 11.9
0.0 0.0 11.9
0.0 0.0 11.9
0.0 0.0 11.9
0.0 0.0 11.9
0.0 0.0 11.1
0.0 0.0 11.1
0.0 0.0 11.1
0.0 0.0 11.1
0.0 0.0 11.1
0.0 0.0 11.1
0.0 0.0 11.1
0.0 0.0 11.1
0.0 0.0 11.1
0.0 0.0 11.1
0.0 0.0 11.1
0.0 0.0 11.1
0.0 0.0 11.1
0.0 0.0 11.1
0.0 0.0 11.1
0.0 0.0 11.1
0.0 0.0 9.1
0.0 0.0 9.1
0.0 0.0 9.1
0.0 0.0 9.1
0.0 0.0 9.1
0.0 0.0 9.1
0.0 0.0 9.1
0.0 0.0 9.1
0.0 0.0 9.1
0.0 0.0 9.1
0.0 0.0 9.1
0.0 0.0 9.1
0.0 0.0 9.1
0.0 0.0 9.1
0.0 0.0 9.1
0.0 0.0 9.1
0.0 0.0 9.1
0.0 0.0 10.8
0.0 0.0 10.8
0.0 0.0 10.8
0.0 0.0 10.8
0.0 0.0 10.8
0.0 0.0 10.8
0.0 0.0 10.8
0.0 0.0 10.8
0.0 0.0 10.8
0.0 0.0 10.8
0.0 0.0 10.8
0.0 0.0 10.8
0.0 0.0 10.8
0.0 0.0 10.8
0.0 0.0 10.8
0.0 0.0 10.8
0.0 0.0 10.8
0.0 0.0 26.2
0.0 0.0 26.2
0.0 0.0 26.2
0.0 0.0 26.2
0.0 0.0 26.2
0.0 0.0 26.2
0.0 0.0 26.2
0.0 0.0 26.2
0.0 0.0 26.2
0.0 0.0 26.2
0.0 0.0 26.2
0.0 0.0 26.2
0.0 0.0 26.2
0.0 0.0 26.2
0.0 0.0 26.2
0.0 0.0 26.2
0.0 0.0 4.2
0.0 0.0 4.2
0.0 0.0 4.2
0.0 0.0 4.2
0.0 0.0 4.2
0.0 0.0 4.2
0.0 0.0 4.2
0.0 0.0 4.2
0.0 0.0 4.2
0.0 0.0 4.2
0.0 0.0 4.2
0.0 0.0 4.2
0.0 0.0 4.2
0.0 0.0 4.2
0.0 0.0 4.2
0.0 0.0 4.2
0.0 0.0 4.2
0.0 0.0 10.6
0.0 0.0 10.6
0.0 0.0 10.6
0.0 0.0 10.6
0.0 0.0 10.6
0.0 0.0 10.6
0.0 0.0 10.6
0.0 0.0 10.6
0.0 0.0 10.6
0.0 0.0 10.6
0.0 0.0 10.6
0.0 0.0 10.6
0.0 0.0 10.6
0.0 0.0 10.6
0.0 0.0 10.6
0.0 0.0 10.6
0.0 0.0 7.4
0.0 0.0 7.4
0.0 0.0 7.4
0.0 0.0 7.4
0.0 0.0 7.4
0.0 0.0 7.4
0.0 0.0 7.4
0.0 0.0 7.4
0.0 0.0 7.4
0.0 0.0 7.4
0.0 0.0 7.4
0.0 0.0 7.4
0.0 0.0 7.4
0.0 0.0 7.4
0.0 0.0 7.4
0.0 0.0 7.4
0.0 0.0 7.4
0.0 0.0 6.9
0.0 0.0 6.9
0.0 0.0 6.9
0.0 0.0 6.9
0.0 0.0 6.9
0.0 0.0 6.9
0.0 0.0 6.9
0.0 0.0 6.9
0.0 0.0 6.9
0.0 0.0 6.9
0.0 0.0 6.9
0.0 0.0 6.9
0.0 0.0 6.9
0.0 0.0 6.9
0.0 0.0 6.9
0.0 0.0 6.9
0.0 0.0 6.2
0.0 0.0 6.2
0.0 0.0 6.2
0.0 0.0 6.2
0.0 0.0 6.2
0.0 0.0 6.2
0.0 0.0 6.2
0.0 0.0 6.2
0.0 0.0 6.2
0.0 0.0 6.2
0.0 0.0 6.2
0.0 0.0 6.2
0.0 0.0 6.2
0.0 0.0 6.2
0.0 0.0 6.2
0.0 0.0 6.2
0.0 0.0 6.2
0.0 0.0 6.2
0.0 0.0 13.0
0.0 0.0 13.0
0.0 0.0 13.0
0.0 0.0 13.0
0.0 0.0 13.0
0.0 0.0 13.0
0.0 0.0 13.0
0.0 0.0 13.0
0.0 0.0 13.0
0.0 0.0 13.0
0.0 0.0 13.0
0.0 0.0 13.0
0.0 0.0 13.0
0.0 0.0 13.0
0.0 0.0 13.0
0.0 0.0 13.0
0.0 0.0 8.5
0.0 0.0 8.5
0.0 0.0 8.5
0.0 0.0 8.5
0.0 0.0 8.5
0.0 0.0 8.5
0.0 0.0 8.5
0.0 0.0 8.5
0.0 0.0 8.5
0.0 0.0 8.5
0.0 0.0 8.5
0.0 0.0 8.5
0.0 0.0 8.5
0.0 0.0 8.5
0.0 0.0 8.5
0.0 0.0 8.5
0.0 0.0 11.2
0.0 0.0 11.2
0.0 0.0 11.2
0.0 0.0 11.2
0.0 0.0 11.2
0.0 0.0 11.2
0.0 0.0 11.2
0.0 0.0 11.2
0.0 0.0 11.2
0.0 0.0 11.2
0.0 0.0 11.2
0.0 0.0 11.2
0.0 0.0 11.2
0.0 0.0 11.2
0.0 0.0 11.2
0.0 0.0 11.2
0.0 0.0 11.6
0.0 0.0 11.6
0.0 0.0 11.6
0.0 0.0 11.6
0.0 0.0 11.6
0.0 0.0 11.6
0.0 0.0 11.6
0.0 0.0 11.6
0.0 0.0 11.6
0.0 0.0 11.6
0.0 0.0 11.6
0.0 0.0 11.6
0.0 0.0 11.6
0.0 0.0 11.6
0.0 0.0 11.6
0.0 0.0 11.6
0.0 0.0 11.6
0.0 0.0 12.1
0.0 0.0 12.1
0.0 0.0 12.1
0.0 0.0 12.1
0.0 0.0 12.1
0.0 0.0 12.1
0.0 0.0 12.1
0.0 0.0 12.1
0.0 0.0 12.1
0.0 0.0 12.1
0.0 0.0 12.1
0.0 0.0 12.1
0.0 0.0 12.1
0.0 0.0 12.1
0.0 0.0 12.1
0.0 0.0 12.1
0.0 0.0 9.7
0.0 0.0 9.7
0.0 0.0 9.7
0.0 0.0 9.7
0.0 0.0 9.7
0.0 0.0 9.7
0.0 0.0 9.7
0.0 0.0 9.7
0.0 0.0 9.7
0.0 0.0 9.7
0.0 0.0 9.7
0.0 0.0 9.7
0.0 0.0 9.7
0.0 0.0 9.7
0.0 0.0 9.7
0.0 0.0 9.7
0.0 0.0 9.7
0.0 0.0 13.9
0.0 0.0 13.9
0.0 0.0 13.9
0.0 0.0 13.9
0.0 0.0 13.9
0.0 0.0 13.9
0.0 0.0 13.9
0.0 0.0 13.9
0.0 0.0 13.9
0.0 0.0 13.9
0.0 0.0 13.9
0.0 0.0 13.9
0.0 0.0 13.9
0.0 0.0 13.9
0.0 0.0 13.9
0.0 0.0 13.9
0.0 0.0 10.5
0.0 0.0 10.5
0.0 0.0 10.5
0.0 0.0 10.5
0.0 0.0 10.5
0.0 0.0 10.5
0.0 0.0 10.5
0.0 0.0 10.5
0.0 0.0 10.5
0.0 0.0 10.5
0.0 0.0 10.5
0.0 0.0 10.5
0.0 0.0 10.5
0.0 0.0 10.5
0.0 0.0 10.5
0.0 0.0 10.5
0.0 0.0 10.5
0.0 0.0 12.1
0.0 0.0 12.1
0.0 0.0 12.1
0.0 0.0 12.1
0.0 0.0 12.1
0.0 0.0 12.1
0.0 0.0 12.1
0.0 0.0 12.1
0.0 0.0 12.1
0.0 0.0 12.1
0.0 0.0 12.1
0.0 0.0 12.1
0.0 0.0 12.1
0.0 0.0 12.1
0.0 0.0 12.1
0.0 0.0 12.1
0.0 0.0 37.4
0.0 0.0 37.4
0.0 0.0 37.4
0.0 0.0 37.4
0.0 0.0 37.4
0.0 0.0 37.4
0.0 0.0 37.4
0.0 0.0 37.4
0.0 0.0 37.4
0.0 0.0 37.4
0.0 0.0 37.4
0.0 0.0 37.4
0.0 0.0 37.4
0.0 0.0 37.4
0.0 0.0 37.4
0.0 0.0 37.4
0.0 0.0 37.4
0.0 0.0 37.4
0.0 0.0 13.2
0.0 0.0 13.2
0.0 0.0 13.2
0.0 0.0 13.2
0.0 0.0 13.2
0.0 0.0 13.2
0.0 0.0 13.2
0.0 0.0 13.2
0.0 0.0 13.2
0.0 0.0 13.2
0.0 0.0 13.2
0.0 0.0 13.2
0.0 0.0 13.2
0.0 0.0 13.2
0.0 0.0 13.2
0.0 0.0 13.2
0.0 0.0 11.6
0.0 0.0 11.6
0.0 0.0 11.6
Numero de Fallas:0